0.000000
0.000000
0.000000
0.000000
0.000000
0.000000
0.000000
0.000000
0.000000
0.000000
0.000000
0.000000
0.000000
0.000000
0.000000
0.000000
1.000000
1.000000
1.000000
1.000000
0.666667
0.666667
0.666667
0.666667
0.666667
0.666667
0.666667
0.666667
0.666667
0.666667
0.666667
0.666667
0.666667
0.666667
0.666667
0.666667
1.000000
1.000000
1.000000
1.000000
0.777778
0.777778
0.777778
1.000000
1.000000
1.000000
1.000000
1.000000
1.000000
1.000000
1.000000
0.777778
0.777778
0.888889
0.888889
0.888889
0.888889
0.888889
