251 133 178 92 246 191 188 130 16 165 203 254 255 249 34 144 231 6 29 210 192 158 239 254 154 71 2 4 57 39 148 241 239 155 246 223 223 37 16 196 121 103 38 183 251 95 18 2 233 0 32 176 253 255 255 35 1 0 128 255 185 191 147 50
251 255 255 255 240 240 231 131 0 1 31 254 240 207 255 255 189 255 71 16 0 0 56 236 183 127 7 12 49 102 252 239 191 127 253 245 141 124 15 24 224 194 16 167 247 126 251 254 251 239 243 243 191 47 1 129 244 239 118 255 255 199 223 255
207 238 32 16 184 127 191 128 132 129 2 186 252 254 251 55 151 28 100 16 129 157 207 180 136 0 17 122 8 233 237 231 12 0 240 124 199 25 115 254 249 103 34 187 16 163 0 190 95 111 0 104 30 0 96 190 95 29 255 35 91 207 223 59
255 191 227 48 112 56 128 193 65 199 15 127 152 225 239 31 158 254 254 191 159 255 31 130 64 160 56 161 25 231 29 36 16 32 141 0 38 94 254 233 167 23 147 56 187 23 0 155 217 116 61 64 27 132 4 208 254 139 124 251 62 197 95 55
75 132 255 31 18 179 231 152 24 49 255 223 179 8 50 249 253 247 223 87 130 178 140 173 247 31 0 64 62 127 255 255 247 253 112 231 61 119 223 25 35 220 107 99 32 6 33 159 219 111 209 200 255 245 220 221 254 255 255 19 223 63 25 50
251 157 32 16 124 254 254 144 128 167 255 127 191 121 230 145 135 28 116 248 255 255 255 157 152 97 19 134 25 39 220 121 134 24 242 127 71 156 112 231 159 47 55 49 51 101 24 186 217 0 224 63 14 112 255 47 73 180 219 105 16 136 153 255
75 166 252 223 215 39 133 206 222 105 82 209 231 223 127 246 145 247 255 223 156 0 8 128 0 16 152 121 102 11 0 128 159 63 37 128 33 119 222 57 198 144 3 60 128 129 4 137 255 48 0 96 29 134 144 216 6 0 128 229 2 1 0 128
251 255 255 243 240 224 129 135 3 15 31 255 240 199 7 48 216 255 255 63 158 3 40 128 3 113 250 164 255 239 116 223 217 237 189 231 62 255 142 16 128 0 155 253 163 193 20 158 65 128 240 245 251 255 223 209 252 255 116 48 134 255 255 63
79 166 255 159 243 255 167 128 128 129 2 186 243 255 255 255 191 255 78 81 130 255 191 172 128 0 17 98 8 251 172 163 27 63 252 245 4 16 82 236 183 71 3 49 16 163 45 255 95 223 16 192 159 4 208 143 243 254 255 58 0 168 137 155
107 255 239 251 17 224 235 160 160 129 2 26 240 215 95 127 255 49 132 16 132 163 62 253 160 7 199 126 251 195 0 131 25 39 220 123 132 1 131 0 114 238 79 51 4 32 124 255 255 255 7 64 25 76 70 14 144 46 22 202 32 40 24 0
79 236 255 183 177 243 255 140 140 153 55 254 243 255 255 247 158 1 4 120 231 179 155 156 133 3 167 126 62 25 96 227 27 191 191 184 196 128 65 198 251 47 7 33 0 96 188 255 127 9 2 51 153 14 35 34 93 20 138 1 114 29 8 0
127 132 240 31 16 54 160 249 249 97 230 63 167 220 115 215 141 255 255 215 138 16 136 128 80 24 0 97 0 1 128 96 135 255 125 128 63 87 214 25 1 0 32 128 200 27 1 232 65 0 50 16 249 255 222 82 199 73 96 182 31 66 87 118
33 255 255 247 243 227 131 15 0 28 63 254 177 199 255 255 255 227 12 113 136 195 62 142 135 99 71 132 63 254 127 239 57 101 188 249 136 1 0 0 0 0 18 33 51 230 223 22 254 255 255 223 167 64 68 14 3 0 0 0 0 0 128 239
95 128 48 30 22 38 254 128 144 161 227 31 255 24 0 128 192 255 255 214 144 0 8 192 0 28 24 0 0 0 136 120 239 219 101 134 61 255 255 63 0 0 0 196 64 248 255 112 0 0 160 241 255 255 249 249 191 72 100 0 200 255 239 239
255 191 97 16 48 56 128 243 255 239 222 251 255 251 238 177 143 124 244 249 255 255 216 131 80 224 63 161 0 0 188 225 255 255 255 159 255 254 255 255 255 28 243 16 141 149 0 0 0 96 48 241 121 180 255 253 255 15 0 164 0 128 96 241
255 221 255 247 63 0 128 193 227 255 127 247 147 13 190 254 168 99 140 125 172 255 31 130 64 160 121 231 9 5 208 104 3 253 63 128 0 236 143 47 174 120 155 24 137 17 0 129 1 64 50 177 251 255 251 255 249 108 36 2 18 13 16 16
176 187 255 103 96 192 0 0 0 198 93 239 243 239 45 243 222 255 255 103 14 243 180 15 131 1 0 192 57 255 252 247 251 175 53 130 191 255 255 29 231 220 251 57 48 6 0 152 255 255 255 255 255 147 136 208 182 255 5 134 19 141 25 50
180 123 223 239 239 65 0 67 67 222 61 239 17 255 255 239 25 99 152 249 127 227 48 14 67 224 251 167 191 255 253 239 191 125 255 157 65 196 249 127 198 16 147 25 187 247 95 18 0 224 243 245 255 175 33 241 253 255 98 180 18 197 255 255
180 59 247 239 231 198 5 0 128 254 253 239 22 95 1 160 201 247 255 255 30 231 0 4 0 96 251 239 255 255 255 255 255 139 32 194 57 255 255 191 255 24 19 25 16 225 28 139 1 225 255 223 103 243 216 208 62 255 255 37 219 143 136 137
251 221 59 112 120 56 144 195 235 71 14 249 255 97 254 255 255 251 252 249 239 251 121 130 8 224 125 251 109 199 210 107 43 255 254 251 207 152 224 130 223 191 143 16 10 177 111 76 174 11 128 183 187 4 38 38 217 3 0 201 127 141 128 141
180 123 223 97 32 64 0 1 1 194 29 239 121 255 253 239 127 255 251 33 14 225 16 15 225 177 123 239 57 109 60 225 31 255 255 255 255 255 247 28 199 24 145 1 189 121 184 191 251 37 98 243 251 255 255 255 255 124 102 0 128 255 255 29
75 228 63 151 147 163 247 255 62 57 114 152 227 239 59 240 222 51 141 82 255 32 8 128 62 27 140 88 102 217 224 144 75 143 14 128 144 186 141 20 128 172 109 236 196 14 0 129 255 255 223 239 199 131 0 240 255 255 126 60 128 127 49 16
180 255 223 97 0 64 64 32 0 0 13 255 249 231 255 255 127 120 192 33 78 243 50 15 0 3 2 0 0 102 60 227 59 255 254 255 206 16 195 92 247 253 243 57 63 7 2 0 217 229 50 113 249 125 111 7 209 254 255 62 159 207 157 59
180 251 255 247 227 0 0 0 192 192 5 239 112 199 29 254 255 255 205 99 12 227 0 14 0 0 0 96 8 231 124 239 123 239 52 243 255 255 255 31 231 16 3 48 0 2 0 136 223 239 255 255 239 83 248 252 255 111 64 0 16 140 25 0
252 255 239 241 240 224 0 0 128 199 31 255 253 255 255 255 159 120 196 177 239 255 59 14 131 1 0 192 25 111 252 231 255 255 255 157 199 156 241 255 255 61 19 33 0 6 0 128 201 239 247 255 255 175 49 179 121 254 255 63 26 12 16 32
255 143 225 124 62 96 128 128 0 231 207 255 254 121 254 255 255 255 188 241 207 229 24 140 129 161 27 134 24 102 156 161 63 255 255 145 143 158 255 188 215 16 19 17 185 253 255 58 152 228 182 211 25 0 0 8 16 255 195 190 27 207 143 239
252 191 231 112 96 64 0 99 1 199 255 255 191 127 207 17 142 120 230 49 142 243 184 239 243 233 51 133 25 111 60 241 196 16 195 222 255 255 255 159 247 220 243 191 255 239 91 2 216 101 48 56 8 249 254 252 255 255 127 54 155 239 155 59
255 191 255 117 240 48 128 193 195 199 94 127 160 1 6 56 252 255 71 51 222 243 58 134 0 0 240 239 187 111 31 25 112 234 13 35 24 124 207 180 247 255 183 57 0 0 40 255 255 31 205 231 255 255 251 223 251 6 254 255 63 136 25 0
251 133 63 112 26 32 128 224 64 65 2 17 224 192 3 30 144 192 175 127 253 251 79 139 64 224 31 1 0 192 12 255 251 255 191 63 0 0 0 128 158 255 255 127 8 229 215 52 0 192 243 247 251 254 191 179 193 0 0 192 96 249 40 9
123 253 255 31 240 243 163 128 0 129 11 254 243 207 23 243 220 247 223 55 130 211 140 140 144 3 0 0 24 255 252 247 255 135 16 130 20 247 255 127 231 68 3 33 0 70 255 191 255 255 211 239 77 211 200 220 254 255 255 54 16 12 1 0
75 230 252 255 255 39 143 140 255 57 50 144 195 142 27 112 192 135 31 223 144 132 12 128 4 0 252 123 198 152 227 255 255 239 49 134 57 255 31 59 0 0 0 0 0 24 172 237 54 143 193 249 95 240 220 221 190 203 64 32 24 14 6 4
75 183 191 145 208 176 241 150 6 9 18 240 255 239 254 251 239 255 199 16 198 255 174 157 22 67 223 62 99 200 240 251 255 255 247 147 191 126 71 128 183 6 34 16 191 223 248 255 55 131 178 241 121 191 184 75 144 44 86 42 0 0 96 0
255 191 227 255 255 255 143 131 1 191 159 246 255 255 70 240 193 7 61 255 185 255 127 174 135 99 35 132 127 255 255 255 255 159 243 223 255 239 48 195 12 127 159 49 59 119 19 158 73 192 240 251 109 243 255 255 223 124 1 128 0 0 128 242
255 140 113 48 63 0 128 193 241 227 6 51 202 248 243 158 155 106 252 255 255 253 11 2 64 128 56 97 0 1 136 231 255 255 255 255 99 252 251 255 255 25 131 16 8 129 229 249 16 4 32 241 249 124 63 177 56 143 65 32 18 141 8 191
255 255 255 255 241 119 0 128 129 195 15 255 240 195 31 254 245 255 255 255 138 215 60 142 129 1 0 192 8 239 28 163 56 103 28 227 61 119 14 0 4 0 18 177 16 38 255 25 8 255 255 223 183 69 220 253 231 65 0 0 96 8 137 10
252 127 0 8 12 0 192 119 99 71 143 253 252 255 207 3 139 124 254 191 191 127 0 3 120 240 127 173 17 236 28 128 204 191 207 12 103 254 255 255 239 220 243 24 140 224 255 118 190 63 4 0 217 254 191 245 252 255 126 54 155 255 12 141
32 17 255 255 199 195 71 111 18 254 255 255 183 95 52 224 200 255 223 103 28 99 56 239 231 255 226 132 255 255 255 159 255 254 127 134 61 254 223 57 102 216 219 38 255 255 123 254 255 191 197 230 255 255 255 255 249 124 116 54 223 4 128 247
207 174 117 255 255 127 133 133 0 1 2 252 255 255 255 255 129 79 126 253 187 207 24 142 0 3 4 0 32 226 252 255 255 63 243 140 255 255 255 255 255 17 3 32 0 6 231 190 255 239 66 241 29 162 252 253 255 15 70 166 16 0 93 106
254 255 231 112 240 248 0 129 195 207 191 255 189 247 223 127 159 88 4 48 200 211 254 254 129 96 113 227 27 111 28 0 0 118 255 127 199 156 227 158 255 115 18 1 17 240 47 8 65 0 48 48 136 44 39 38 253 255 255 46 16 172 239 255
184 125 195 96 104 192 64 99 0 6 13 127 253 255 197 3 14 124 242 47 31 255 244 47 251 227 119 143 57 228 28 227 221 151 199 4 103 254 255 155 39 220 255 127 63 228 255 6 190 255 246 255 95 162 184 249 7 72 1 146 255 223 137 239
148 120 207 227 33 193 67 1 129 254 61 231 17 7 253 239 127 255 192 33 4 243 244 127 247 45 1 128 159 255 255 174 17 124 250 123 0 0 2 0 38 254 255 255 63 230 71 16 200 228 255 212 226 255 7 3 0 248 189 255 255 15 137 34
128 255 255 239 0 192 225 255 239 8 28 248 225 199 127 255 188 241 196 33 14 32 176 193 247 255 237 91 35 8 112 227 25 111 126 253 204 16 195 24 66 136 248 255 223 42 239 101 54 128 50 49 184 236 119 7 1 108 229 4 207 255 255 26
48 81 251 255 247 199 15 15 2 190 255 255 247 255 125 224 129 255 255 247 158 231 184 239 247 127 226 198 63 255 255 255 207 156 113 128 49 254 255 61 231 0 16 33 59 94 120 159 223 165 57 28 214 183 152 208 38 255 255 38 24 0 0 192
251 255 255 16 112 240 241 147 0 143 31 246 248 255 255 255 255 56 4 48 199 187 255 255 255 127 3 132 25 174 60 160 27 255 255 56 198 24 3 132 59 255 253 239 255 110 251 18 136 96 48 115 251 143 33 35 145 36 158 255 191 79 147 50
255 141 251 255 119 231 134 131 219 255 239 119 151 13 2 208 224 247 223 247 156 231 56 134 0 96 241 247 255 183 211 30 231 136 48 195 61 247 223 61 230 216 219 57 1 225 125 223 1 210 255 159 68 208 206 84 190 239 100 0 0 184 168 203
75 247 36 209 223 255 255 191 14 29 251 220 255 255 255 127 131 0 4 248 247 191 255 253 255 95 134 0 55 254 255 167 255 255 255 191 239 140 49 199 255 239 4 32 2 4 0 145 201 231 119 80 224 44 51 179 89 20 255 255 27 12 16 16
0 64 255 255 15 0 198 111 127 126 254 239 51 15 60 240 121 227 153 107 12 32 32 195 231 255 255 13 7 124 255 255 255 255 115 139 24 236 191 127 70 152 217 223 255 255 251 255 27 5 224 240 252 255 255 243 249 255 97 20 255 247 255 7
255 159 243 253 255 239 128 129 129 239 255 255 255 255 255 23 128 64 12 253 249 195 57 140 131 49 1 128 8 38 252 255 255 255 247 159 255 252 179 159 254 0 16 33 179 31 2 144 201 96 242 255 255 243 57 179 153 0 118 255 24 192 255 118
222 204 255 247 51 96 0 128 255 255 103 243 195 143 51 240 255 255 253 63 140 225 24 103 128 160 177 243 255 159 245 214 255 175 52 130 127 255 143 24 230 252 255 127 17 161 111 216 239 154 231 127 73 2 200 252 175 105 254 255 191 141 137 9
255 140 32 56 62 46 136 192 192 247 199 247 255 56 66 144 203 255 255 255 255 255 89 143 200 161 19 167 24 34 252 255 255 147 192 130 255 255 253 255 223 156 147 17 57 245 255 255 255 143 231 255 111 19 248 252 255 255 65 180 191 191 132 141
195 255 239 251 223 0 128 255 255 77 16 145 192 255 223 118 219 109 183 63 12 64 40 194 103 254 255 185 231 140 49 134 223 191 223 6 19 44 178 24 68 144 217 222 207 249 199 100 182 155 64 115 223 6 184 251 255 105 100 20 207 115 34 205
235 255 239 251 17 160 192 255 102 5 10 248 241 199 223 127 188 113 196 17 132 34 188 239 247 255 255 127 115 204 112 227 185 247 31 29 196 144 195 28 2 216 248 255 255 75 0 230 71 207 118 51 0 12 2 184 255 109 32 150 239 255 255 59
235 255 191 17 16 160 225 255 38 77 63 253 255 239 254 255 191 255 199 17 128 114 254 251 127 31 0 0 0 4 60 225 43 79 244 241 191 127 231 28 35 252 253 238 110 6 0 0 254 255 223 255 191 7 192 72 146 239 36 18 255 223 31 50
132 255 207 227 129 192 193 127 111 78 16 224 225 255 223 103 30 121 226 33 127 32 48 193 255 255 238 157 103 8 112 195 153 191 159 60 230 216 225 21 66 152 249 204 255 95 211 100 182 138 102 115 153 14 16 248 255 117 96 4 239 115 247 255
79 254 239 243 177 33 128 239 111 91 18 145 192 255 255 255 159 127 252 63 142 99 8 130 68 176 184 241 255 255 37 134 25 54 252 237 255 19 194 16 199 16 129 8 136 128 103 222 255 191 13 64 243 111 250 255 207 120 124 254 18 239 127 15
1 243 190 199 192 160 255 62 0 0 16 220 255 255 255 255 255 255 253 208 7 0 232 253 254 95 6 12 119 98 240 231 31 127 252 241 159 63 247 28 67 0 96 132 255 255 247 118 62 137 243 127 171 9 66 8 0 64 64 0 200 54 38 166
224 255 239 193 192 16 0 247 231 76 0 240 224 255 255 247 159 255 67 1 202 251 182 55 0 224 245 255 107 141 48 231 159 63 245 212 167 255 207 12 55 252 255 127 10 161 173 254 39 138 119 251 31 227 209 217 254 255 54 18 198 255 255 63
107 255 255 247 241 225 131 143 15 31 58 240 225 255 255 255 191 255 255 113 143 251 184 143 231 227 247 191 255 220 241 231 27 47 188 160 6 28 239 152 135 0 16 0 63 31 0 0 230 255 223 79 167 255 255 15 160 194 64 32 0 0 246 244
48 248 255 255 243 227 135 255 255 255 61 224 195 255 255 247 223 255 255 247 142 243 184 207 247 224 251 145 7 156 249 247 223 253 253 166 55 124 242 249 231 156 18 0 127 29 128 241 125 238 255 223 215 50 217 255 7 88 69 38 16 0 192 255
255 191 255 255 48 0 128 227 99 71 14 255 243 207 127 255 255 247 221 51 140 227 8 130 227 147 104 223 255 7 16 195 127 255 244 251 255 255 255 31 231 216 131 8 191 82 249 255 127 159 2 1 249 253 111 116 252 255 255 62 31 69 93 70
6 0 16 12 2 86 127 16 176 184 241 142 127 24 248 249 255 255 253 235 7 16 216 111 189 11 163 254 255 255 239 159 255 255 246 255 255 253 251 255 255 140 240 191 116 234 255 255 127 159 197 226 255 253 255 255 255 255 126 62 137 170 171 10
235 255 255 255 16 160 193 247 0 1 30 253 240 195 30 127 252 255 255 55 142 34 40 137 247 95 14 0 48 98 116 239 57 101 28 161 60 119 222 57 231 8 65 136 255 127 211 126 123 129 243 255 234 11 2 0 6 0 64 0 0 112 224 255
251 157 179 0 0 32 224 176 32 1 3 255 255 255 255 255 191 255 252 17 134 48 136 201 240 31 0 64 0 1 8 225 15 255 255 255 255 253 243 28 231 140 96 164 100 254 255 255 127 29 0 33 25 124 62 54 152 108 118 54 25 0 65 66
255 141 243 255 247 103 128 129 193 231 207 127 247 223 35 240 249 247 255 255 191 231 56 142 1 0 32 227 24 35 252 247 255 139 112 194 125 103 244 115 198 16 146 49 0 224 255 122 249 0 224 251 77 81 252 95 67 210 65 0 16 136 201 207
251 133 32 16 28 44 252 243 243 231 194 16 206 48 194 153 255 254 255 215 135 124 252 247 251 255 127 17 0 0 8 32 254 255 255 191 255 252 243 255 255 255 243 15 4 0 132 96 255 255 223 199 255 191 185 187 249 30 78 231 155 13 0 128
255 7 32 24 28 254 255 183 255 39 206 240 255 56 194 17 135 158 255 254 247 63 255 241 59 224 31 0 0 0 0 80 230 219 255 255 255 253 255 255 255 253 35 0 0 0 6 96 255 255 142 207 255 255 249 243 57 12 198 7 19 12 0 168
251 5 0 16 124 255 127 0 128 128 206 126 255 249 192 144 231 30 125 218 131 156 204 12 8 96 255 254 121 97 144 123 238 155 242 255 255 255 255 159 249 196 3 17 176 241 255 255 62 31 194 63 236 249 255 255 251 252 127 38 155 255 239 207
251 157 179 0 0 32 224 176 32 1 3 255 255 255 255 255 191 255 254 17 142 48 136 201 240 31 0 64 0 1 8 225 15 255 255 255 255 253 243 28 231 140 96 164 100 254 255 255 127 29 0 33 25 124 62 54 152 108 118 54 25 0 65 66
1 96 28 135 131 147 127 62 60 56 48 192 127 255 252 243 127 255 253 207 7 0 0 0 4 24 222 126 70 216 248 255 255 223 240 130 127 255 255 187 231 140 3 0 0 208 253 239 4 239 247 251 127 151 248 249 47 72 68 38 155 207 14 141
79 254 255 247 17 32 192 239 239 223 127 255 145 207 191 255 255 255 237 49 142 96 8 128 100 24 8 0 0 8 252 239 127 255 255 255 255 189 243 156 231 152 3 8 204 23 226 249 25 4 224 241 251 63 58 50 217 108 102 54 27 69 85 4
203 255 230 217 208 224 249 183 39 9 154 248 255 255 255 51 141 60 254 189 191 50 168 193 255 91 236 94 34 204 248 243 223 255 255 30 39 252 255 191 255 143 1 0 0 16 189 255 3 207 50 49 248 190 51 145 248 175 70 38 155 15 12 140
1 114 142 139 129 129 123 12 254 156 48 130 193 255 255 255 255 255 208 128 70 160 0 0 0 16 153 114 255 155 245 199 63 255 255 191 255 28 195 144 247 255 231 191 214 231 111 88 254 170 231 247 255 54 33 34 213 44 254 255 255 223 143 239
127 132 249 254 63 39 128 239 123 255 255 31 128 8 255 253 255 255 255 255 141 0 8 128 97 248 250 229 255 255 207 12 0 252 252 255 255 253 255 159 198 0 1 140 205 25 0 129 193 119 221 198 255 255 255 247 253 124 118 54 155 239 127 52
4 252 255 231 1 0 0 239 239 223 61 163 129 207 255 255 255 255 253 115 15 227 0 3 101 144 0 193 207 255 109 132 27 255 255 255 255 253 243 159 247 152 211 56 143 183 111 25 8 255 213 247 255 247 249 3 16 14 230 39 27 5 0 128
223 252 255 255 179 33 128 239 239 255 55 17 128 135 255 255 191 255 255 119 140 65 0 128 64 176 56 161 198 255 111 166 63 255 255 191 255 255 243 159 231 152 147 56 205 151 99 153 0 224 255 247 255 255 249 51 1 8 231 247 27 69 0 0
235 191 255 255 255 231 223 130 159 255 255 255 255 31 14 0 128 7 191 255 189 135 57 140 135 64 193 194 31 255 255 152 199 156 51 6 32 228 188 251 202 217 27 49 0 32 7 154 255 63 128 236 255 183 17 145 44 147 255 127 223 143 29 40
195 255 255 243 209 0 129 231 102 0 0 248 241 239 191 255 254 123 196 17 136 66 44 98 4 2 196 121 99 205 112 231 251 239 191 191 198 252 143 24 230 216 143 54 0 192 39 76 255 171 243 255 15 0 0 0 128 107 4 254 255 255 159 63
255 255 239 243 113 96 128 231 231 79 6 241 224 255 255 255 191 255 255 49 142 99 56 199 231 251 224 219 251 239 53 135 31 255 255 255 255 252 243 156 231 152 209 32 11 2 37 8 238 187 197 247 255 127 57 16 0 72 247 37 144 47 0 138
223 191 255 49 16 32 128 225 255 255 22 243 200 130 142 251 254 251 237 59 140 96 24 231 97 168 241 243 207 139 2 0 0 0 252 255 222 185 195 24 102 220 251 255 93 131 0 0 192 224 60 4 224 253 255 167 129 72 0 254 255 255 255 59
180 255 239 239 96 192 65 39 231 223 29 247 245 223 255 255 157 255 214 33 12 227 184 111 247 237 225 255 255 191 48 128 8 254 255 53 133 16 130 0 103 254 255 127 255 51 41 137 197 114 0 0 251 255 187 3 129 40 180 255 167 239 255 51
11 64 40 14 0 48 255 252 254 121 224 0 0 156 251 255 255 191 252 0 2 0 128 225 124 220 157 49 198 152 3 132 63 254 255 185 207 190 223 24 97 196 96 206 222 253 255 126 4 0 225 246 251 6 184 255 255 73 100 254 191 71 6 197
251 255 239 80 80 176 224 243 2 5 15 255 255 247 254 255 191 120 4 16 192 251 254 255 251 71 2 0 17 102 252 239 47 1 128 16 134 26 3 4 51 254 254 119 63 103 67 18 73 224 178 61 4 192 253 255 255 44 0 218 255 223 255 63
255 191 97 112 124 124 128 193 193 239 223 247 254 251 194 16 128 124 255 191 153 255 93 142 193 224 123 167 25 254 191 179 198 144 1 4 55 255 255 187 255 255 151 17 191 241 31 0 128 255 223 14 4 32 156 252 47 41 223 255 19 128 196 197
75 254 255 151 17 32 128 255 127 73 2 16 192 255 255 127 152 97 132 29 140 0 8 195 118 254 252 185 231 136 97 199 159 63 23 156 239 255 239 31 198 152 193 140 207 249 231 100 36 130 99 243 31 162 240 252 254 67 96 246 255 199 70 205
255 255 239 255 119 224 128 129 129 199 255 255 181 95 127 62 136 103 222 255 190 227 56 143 131 97 99 198 191 255 255 173 0 0 0 64 0 0 152 113 6 152 219 125 51 230 15 26 201 97 89 44 0 224 247 255 255 83 0 128 255 191 153 0
255 255 239 255 119 224 128 129 129 199 255 255 177 95 127 127 136 103 254 255 191 227 56 143 131 97 99 198 191 255 255 175 0 0 0 96 0 0 136 113 198 153 219 61 59 231 15 26 201 119 89 44 0 0 212 255 239 19 0 128 255 255 153 0
223 255 239 251 255 225 129 199 71 223 31 247 208 215 31 118 216 97 133 49 236 1 56 192 7 232 255 191 255 10 48 192 217 167 22 26 208 3 129 16 196 128 19 28 235 249 255 126 36 24 6 115 217 31 2 2 129 96 64 36 131 239 239 207
95 252 255 255 243 247 255 128 0 1 55 30 144 0 62 255 253 183 7 48 128 131 62 188 183 63 7 14 188 250 255 255 255 253 255 191 255 0 3 0 48 226 61 239 247 127 18 182 255 255 255 223 231 51 57 243 215 108 16 218 239 119 147 178
75 246 254 255 247 255 255 132 158 189 59 210 193 135 10 112 192 135 31 246 240 135 63 188 134 0 193 210 255 255 255 158 65 132 120 231 185 103 29 101 16 33 30 241 18 38 105 255 255 255 223 207 231 251 223 19 0 150 187 65 64 136 153 58
223 238 32 16 16 48 224 240 253 193 130 17 136 246 3 17 140 48 196 30 182 16 136 193 16 136 184 251 238 129 1 22 208 180 15 12 116 254 255 255 255 204 99 20 64 224 255 124 38 155 111 71 226 255 191 241 248 255 255 127 159 207 12 13
251 133 32 24 16 62 188 208 80 97 195 93 254 255 255 159 135 126 126 213 155 0 0 128 24 216 31 63 121 227 128 195 159 255 255 188 167 220 251 255 255 132 33 140 255 255 255 126 255 159 6 67 187 254 255 255 255 255 127 62 155 65 198 255
75 246 190 215 209 251 255 191 191 191 122 208 129 15 63 255 244 191 7 0 128 0 252 245 191 108 225 144 207 30 96 128 19 255 255 255 255 112 67 28 112 228 124 199 87 60 2 64 36 26 198 247 255 255 255 255 249 108 6 158 237 146 255 112
52 64 217 239 231 71 6 79 223 126 252 47 3 223 125 228 125 255 155 227 78 247 178 127 231 163 0 128 4 18 253 255 255 255 247 255 255 117 211 29 6 24 210 177 63 255 255 48 254 255 255 255 255 243 121 19 144 254 65 32 0 182 231 239
79 132 32 31 16 48 224 255 255 65 2 16 192 128 250 255 255 246 252 219 174 124 253 227 255 254 164 25 230 216 131 143 127 255 255 255 255 253 211 0 0 220 252 238 207 14 130 100 254 147 193 247 255 255 255 247 249 104 48 152 237 59 51 250
255 255 97 24 16 32 192 243 97 67 142 255 252 255 255 31 143 116 244 189 191 112 152 195 121 191 40 129 0 2 28 227 191 19 199 92 231 223 243 223 255 31 0 0 12 24 231 255 59 77 2 115 253 255 255 255 255 255 127 62 25 4 206 255
207 191 63 16 16 56 128 255 103 65 2 153 232 226 255 255 255 120 228 57 175 121 216 195 125 250 254 253 226 64 0 195 63 255 255 255 255 152 227 128 7 30 252 222 239 217 144 231 54 9 192 243 255 255 255 255 249 124 118 190 175 195 98 253
0 51 159 5 128 208 119 127 127 254 255 255 255 255 44 225 78 127 255 255 63 16 0 0 52 248 248 161 7 30 252 243 255 159 243 206 127 255 255 191 199 0 0 136 198 153 231 185 25 108 242 187 237 255 255 255 255 255 126 54 27 195 238 255
160 123 199 255 255 207 129 111 95 127 255 229 0 63 255 255 191 255 252 41 8 3 120 239 239 255 255 255 247 12 48 196 23 255 255 255 255 157 51 24 68 128 208 198 255 251 153 102 54 24 199 247 255 255 255 255 249 104 100 54 205 247 230 101
160 123 143 65 224 221 127 31 6 190 253 255 255 255 255 255 255 255 248 225 7 155 240 12 255 255 239 134 127 63 112 192 31 63 252 255 255 159 243 158 193 4 32 0 255 255 123 94 43 0 38 51 233 255 255 255 251 124 102 54 159 199 231 255
95 128 48 28 22 38 254 128 144 161 227 31 255 24 0 128 192 255 255 215 144 0 8 192 0 28 24 0 0 0 136 120 239 219 101 134 61 255 255 63 64 0 0 196 64 248 255 112 0 0 32 177 255 255 249 249 191 72 100 0 200 255 239 239
1 0 252 255 135 135 207 239 255 255 254 243 7 30 56 240 249 255 255 255 28 0 0 0 4 24 136 64 4 24 252 252 255 255 117 231 255 119 146 16 194 0 0 136 192 152 231 0 0 0 240 241 255 247 252 254 135 64 96 36 136 255 111 239
255 157 255 255 127 32 128 239 65 71 255 255 255 255 254 251 255 255 159 113 140 65 24 130 65 184 0 0 0 2 252 225 15 255 252 247 255 3 0 16 196 0 128 128 137 30 3 0 0 100 50 145 251 255 255 255 249 124 113 32 72 127 127 254
255 157 255 118 115 35 128 193 193 199 15 119 243 205 190 159 128 99 238 125 191 227 24 134 64 0 0 65 0 3 16 96 138 239 255 255 255 253 239 159 239 16 131 48 0 2 33 249 105 236 54 243 251 253 255 55 8 0 247 255 18 8 1 130
240 255 239 241 253 201 0 0 128 134 31 255 255 255 255 247 159 109 252 253 191 239 48 14 128 1 0 0 24 111 252 231 255 255 255 156 103 220 255 255 255 17 19 49 0 6 0 153 217 239 247 243 255 167 177 243 127 221 65 0 18 140 25 50
248 255 255 247 112 224 193 3 2 223 127 255 177 255 255 255 255 255 253 49 142 227 56 207 163 97 67 132 191 255 125 133 27 127 252 177 143 31 255 28 231 156 211 53 55 102 18 154 203 97 81 64 155 12 2 8 150 239 100 54 155 141 153 50
254 191 255 255 240 247 1 0 129 207 31 247 240 1 14 56 224 128 95 127 186 255 255 191 199 1 0 192 251 255 255 191 232 252 255 255 253 252 223 143 63 254 191 51 51 6 0 153 223 255 255 4 0 16 254 255 255 255 1 0 0 48 49 48
255 191 231 255 244 224 128 128 128 255 223 247 247 223 14 48 200 119 255 255 158 227 24 140 128 33 243 231 95 255 255 179 207 152 97 134 53 254 255 255 255 17 3 17 0 224 255 191 12 199 16 0 64 48 222 221 122 255 255 255 27 205 205 207
254 255 255 255 247 71 0 1 1 194 63 255 177 207 31 244 249 247 15 51 136 193 16 14 0 224 127 175 24 124 253 255 81 237 120 243 253 103 7 16 196 144 147 25 185 225 223 34 16 229 251 125 2 80 254 255 215 108 126 53 2 237 239 109
255 253 33 48 24 0 128 192 224 193 2 19 224 224 255 127 191 104 164 17 13 64 8 199 224 152 31 63 0 224 13 39 24 116 223 125 239 255 255 30 70 152 251 255 253 239 255 32 0 231 255 255 239 255 243 240 188 109 32 180 255 223 159 191
75 183 246 223 16 160 193 255 127 1 250 217 231 223 127 247 253 247 205 17 142 118 174 163 118 254 223 57 35 76 248 255 95 253 252 255 157 21 211 92 247 252 239 94 255 253 135 36 18 255 255 215 243 253 127 7 209 94 4 130 255 215 230 239
248 253 255 103 96 224 227 191 35 4 14 120 240 193 63 255 255 243 197 1 128 51 188 239 247 255 239 156 33 68 24 231 57 103 252 251 220 17 194 8 34 252 255 127 255 119 218 102 54 223 247 243 255 93 110 14 1 72 165 222 231 208 255 255
79 228 32 154 31 37 202 232 252 255 255 151 143 54 250 29 129 109 254 255 191 255 79 135 232 128 128 99 14 59 255 255 247 253 219 12 99 254 255 175 191 252 255 255 189 7 32 251 121 140 251 221 255 255 49 240 253 255 55 2 2 193 217 51
255 252 239 251 255 97 130 207 79 95 6 240 241 255 255 118 155 109 180 177 205 239 127 143 71 226 119 145 69 148 124 231 255 255 247 156 255 255 255 191 150 24 211 17 0 0 132 255 255 255 195 239 111 243 255 255 255 125 127 32 0 8 88 216
75 254 255 255 145 32 193 236 108 255 19 145 128 207 127 255 255 115 204 49 142 96 8 128 0 128 152 241 255 255 39 134 25 254 254 255 255 17 195 92 198 152 195 253 204 233 127 254 255 147 69 192 255 85 252 47 219 124 255 127 139 203 235 239
11 128 252 223 215 247 255 191 63 255 255 23 131 31 255 255 191 255 255 255 159 255 248 143 63 225 159 0 4 16 248 236 255 255 245 135 47 92 250 249 199 156 3 0 0 16 128 247 255 159 231 255 109 35 217 251 255 1 64 5 16 4 0 244
255 255 255 255 16 32 128 227 99 71 15 253 241 207 127 255 255 247 221 49 140 227 8 130 227 147 104 223 255 7 16 195 127 255 244 251 255 255 255 31 231 216 131 8 191 82 249 255 127 159 6 1 249 253 111 116 252 255 255 62 31 69 93 70
252 191 255 255 255 227 5 0 131 134 14 254 242 223 47 242 217 231 159 255 140 195 56 12 129 96 255 254 121 237 24 129 223 175 36 130 255 231 150 91 128 0 27 17 179 243 255 47 182 1 0 115 93 6 200 124 206 75 96 0 16 244 255 79
75 255 255 223 209 160 193 255 4 9 18 208 240 199 31 255 252 243 207 23 142 34 8 128 102 219 222 125 115 236 48 195 251 239 20 1 4 0 128 80 198 0 0 136 238 217 253 255 254 155 194 251 255 7 1 2 224 255 255 62 8 227 127 223
251 133 32 16 24 32 252 243 255 97 2 16 204 184 255 255 255 255 253 255 143 127 248 199 123 226 31 16 192 192 143 175 127 255 255 175 127 188 242 218 239 223 243 0 4 0 4 244 255 255 255 195 243 182 189 35 249 254 5 166 147 13 8 8
249 191 227 120 84 224 200 163 34 5 223 255 254 255 239 23 137 126 254 245 255 231 32 128 2 112 127 44 1 100 28 225 142 191 207 4 33 220 253 177 199 152 3 8 2 0 4 129 219 255 22 3 1 190 23 241 189 97 96 36 155 205 157 63
95 252 255 63 17 33 194 136 0 145 127 63 177 79 255 255 255 255 255 115 142 225 8 136 0 224 255 255 188 112 73 229 63 255 255 191 255 28 242 88 198 220 251 223 255 249 255 126 54 133 255 247 255 247 1 2 0 202 101 20 255 255 239 207
223 174 127 17 16 32 128 241 255 255 6 51 128 0 10 255 255 251 229 19 140 112 156 227 96 132 16 33 0 2 15 40 0 64 252 255 223 57 195 8 39 222 255 255 76 135 235 249 56 0 40 148 251 125 123 163 129 8 52 255 175 255 63 1
255 221 255 127 112 96 128 193 193 255 127 127 147 13 6 17 128 112 7 49 222 243 63 142 1 160 16 128 25 39 220 112 0 128 59 255 255 3 1 68 150 51 151 49 59 231 127 25 200 32 48 244 255 255 255 255 219 124 127 190 26 175 129 155
255 221 255 119 241 243 128 128 131 255 127 255 243 207 191 255 255 255 255 127 138 243 188 142 129 224 115 231 127 255 253 129 3 12 252 227 63 255 254 123 133 220 251 127 59 231 127 255 127 159 239 63 135 73 70 252 255 255 100 22 223 201 153 1
255 255 255 243 241 241 163 128 143 159 63 118 128 7 31 255 254 241 197 51 130 147 188 172 151 1 1 194 159 255 127 111 0 100 24 97 12 19 66 8 1 68 62 243 51 255 255 187 254 47 201 100 162 77 70 2 0 0 244 81 126 16 129 223
252 255 255 243 32 64 0 99 227 199 31 255 241 255 191 247 255 255 229 49 14 227 48 15 227 225 127 167 25 110 60 227 8 37 252 251 223 17 194 24 231 152 211 61 255 231 255 54 154 101 50 80 255 255 255 243 209 120 68 254 255 223 159 191
11 244 191 215 243 255 191 140 12 25 122 158 129 207 255 255 255 255 125 81 130 155 172 140 150 3 128 64 4 252 253 165 19 254 254 255 255 189 243 156 245 68 3 0 0 0 0 169 217 229 255 215 251 255 251 243 217 108 102 38 16 0 0 128
127 252 255 23 16 32 224 160 160 255 127 255 179 79 255 255 255 255 253 17 6 0 8 193 32 24 0 64 8 55 252 239 63 255 254 255 255 189 243 28 195 136 67 60 64 0 36 1 0 0 48 48 184 28 14 52 223 109 100 54 159 8 0 128
255 253 239 19 0 32 224 241 97 223 63 31 128 0 255 127 190 240 196 25 142 32 152 227 243 253 255 175 128 0 123 239 49 125 255 125 238 220 203 30 66 220 248 223 255 255 255 102 0 0 241 247 255 255 255 247 253 125 36 20 239 255 239 255
255 157 255 119 243 59 128 193 193 199 15 119 243 205 254 159 128 211 238 125 186 195 24 134 64 0 0 64 0 3 16 96 10 255 255 255 255 255 243 159 239 16 131 48 0 2 37 248 121 236 54 243 251 253 255 55 0 0 230 255 18 8 1 202
176 255 255 227 96 192 0 0 128 128 12 238 240 231 255 255 255 251 196 33 14 227 48 12 128 0 23 34 56 231 124 231 63 255 254 255 255 189 227 28 231 152 3 49 16 224 15 190 91 239 247 255 255 255 255 243 249 254 127 62 27 136 153 187
255 255 231 112 16 96 192 33 0 3 191 255 253 255 255 55 143 125 230 49 142 33 56 207 243 251 7 0 16 102 124 227 159 191 223 156 231 94 243 93 70 152 240 255 255 255 211 50 216 237 114 115 201 174 187 127 217 76 96 180 239 243 247 247
251 255 227 251 21 32 192 226 227 69 142 255 245 247 223 119 157 100 212 185 255 32 8 195 227 155 8 1 33 3 112 227 13 53 223 60 247 223 241 215 223 139 192 140 223 30 0 64 0 0 50 49 154 236 254 127 27 4 195 101 137 103 127 118
244 255 223 96 104 192 0 0 0 130 13 255 248 231 255 127 30 104 224 41 47 251 49 15 195 3 0 0 24 231 60 231 25 111 255 125 198 152 235 254 255 156 211 57 59 7 2 152 219 239 127 87 163 255 255 255 249 124 126 62 155 205 153 50
180 251 255 255 231 195 0 0 128 130 29 255 243 223 63 242 253 255 255 111 12 195 48 12 128 1 0 64 24 255 252 255 255 255 112 195 61 119 6 16 196 144 147 57 49 7 0 153 219 239 247 255 111 240 220 255 239 105 116 61 159 207 157 51
224 255 239 251 255 237 1 2 130 207 31 255 176 67 95 126 251 239 255 255 191 239 32 12 130 225 255 175 27 44 48 225 16 247 252 111 59 109 184 1 132 0 19 153 187 255 223 126 59 0 224 247 255 253 255 183 233 250 96 0 74 247 239 255
255 253 255 112 56 32 128 227 99 67 6 113 240 193 159 127 254 249 237 63 143 65 24 195 251 251 255 191 241 0 16 239 249 231 244 127 126 253 255 63 70 152 249 255 255 109 152 255 127 136 227 243 255 255 255 183 56 66 32 4 239 251 255 49
107 183 191 85 80 176 229 255 118 5 122 221 187 239 191 255 190 114 204 81 239 122 239 187 255 223 206 13 33 252 255 175 59 254 191 189 198 216 235 134 191 254 253 238 255 95 131 4 218 255 213 231 251 191 35 241 157 0 150 255 175 231 247 118
251 255 239 112 248 248 177 151 2 7 15 252 248 247 223 55 134 24 4 48 255 251 251 255 255 227 103 140 113 238 124 231 157 55 159 28 0 8 105 228 25 39 252 255 63 78 210 6 130 239 243 127 207 251 179 131 112 254 255 57 0 0 144 240
79 196 253 255 31 33 128 239 125 65 2 16 192 192 19 254 249 227 189 255 253 103 9 130 64 242 255 61 228 192 1 2 121 255 255 191 123 228 144 130 206 27 135 0 140 241 222 247 255 159 239 199 255 255 249 51 201 48 248 255 18 5 0 205
79 254 239 243 249 233 131 128 141 129 18 250 241 255 255 247 159 125 252 255 175 203 56 142 132 2 5 138 255 255 253 167 31 188 255 174 255 255 255 255 255 16 2 49 16 228 111 62 255 151 127 70 192 15 250 253 63 76 231 119 16 128 205 239
223 140 241 255 255 239 143 128 153 129 6 58 160 222 255 255 191 207 188 249 137 207 61 142 128 34 23 138 232 254 255 255 63 252 251 189 255 255 255 255 255 0 2 1 17 245 223 62 255 175 203 255 226 251 251 241 255 125 254 63 16 128 236 239
251 255 255 115 16 32 192 255 127 71 14 241 233 231 255 255 255 255 255 51 142 96 40 195 99 248 254 185 247 6 16 67 8 255 252 255 255 61 243 24 199 152 241 220 255 159 64 255 39 136 38 17 251 125 78 6 1 72 100 36 131 255 255 63
248 255 239 255 255 231 131 207 79 223 63 241 209 7 126 126 177 239 191 255 253 67 56 130 3 224 251 247 255 191 115 10 0 100 124 101 9 237 188 179 198 0 18 16 171 249 127 255 127 155 207 6 162 239 67 0 40 195 64 36 16 192 238 255
75 254 255 255 255 161 131 206 206 29 58 155 128 223 127 246 249 103 140 17 136 194 8 128 6 208 221 255 255 255 125 133 31 255 127 191 128 0 144 254 254 147 3 0 218 241 255 126 255 255 69 192 251 52 5 2 0 188 255 255 19 197 239 207
79 196 252 255 255 239 143 128 156 129 98 26 161 222 255 255 191 255 252 241 239 255 127 143 0 0 21 34 254 255 255 255 63 124 251 189 239 254 255 255 255 16 2 17 16 229 111 126 255 175 235 255 226 235 179 241 255 125 254 63 0 128 237 239
251 255 255 243 112 224 192 163 231 207 14 242 192 199 255 255 191 251 236 49 142 227 8 128 0 240 255 255 251 237 17 130 8 34 188 249 206 25 195 16 198 152 3 24 159 241 255 110 38 255 79 70 147 77 66 12 135 0 0 229 19 205 238 207
251 191 227 121 20 160 192 226 98 197 143 127 244 255 207 23 141 124 246 181 158 227 40 131 226 17 64 193 57 239 61 231 156 177 79 4 247 94 246 217 231 159 243 61 190 231 255 191 158 167 113 80 0 160 22 240 7 125 255 127 159 207 1 2
123 253 255 114 241 251 183 128 139 255 255 127 129 0 6 88 224 145 7 18 192 251 255 191 159 5 224 239 191 125 255 61 225 252 191 63 252 96 3 205 63 255 255 127 18 2 56 191 83 117 221 254 231 242 255 255 255 252 255 254 255 255 159 18
75 246 62 145 144 176 247 254 126 9 18 240 255 255 254 255 255 56 228 240 239 58 235 145 255 251 223 24 0 8 248 255 47 253 254 123 198 16 224 192 27 47 100 0 255 253 255 117 16 132 250 63 224 24 111 175 249 254 123 56 16 230 239 207
255 157 255 255 19 32 128 192 0 193 111 255 255 223 254 251 255 99 132 17 140 0 8 206 224 31 0 0 0 34 28 225 15 255 255 255 223 0 131 16 64 0 0 228 248 94 195 0 0 100 50 209 255 255 255 255 249 124 96 32 255 255 255 127
223 255 101 0 16 112 224 245 101 207 3 48 192 255 139 55 158 120 198 16 130 249 254 255 253 237 63 17 0 168 125 247 223 255 255 191 255 255 67 128 55 254 255 255 255 239 223 0 0 228 115 247 255 255 251 243 223 40 22 255 255 255 255 63
255 255 239 255 49 32 0 128 193 128 6 255 240 223 255 255 191 255 254 241 143 193 0 4 0 160 63 175 40 224 60 227 63 127 253 125 4 0 128 80 198 0 3 153 185 255 255 4 0 192 50 241 187 13 1 2 0 0 192 33 26 255 239 255
252 255 255 115 32 192 64 35 1 199 31 255 241 239 255 255 255 255 253 49 142 227 56 15 163 225 123 167 59 239 60 227 25 127 252 255 255 255 255 63 231 152 211 61 255 229 255 30 254 191 7 67 153 12 78 252 255 255 127 54 159 207 143 175
251 159 34 80 92 252 248 130 0 135 223 255 254 255 255 191 143 8 36 144 227 255 255 255 186 5 0 0 25 111 188 225 191 127 255 255 239 156 243 222 59 124 42 33 32 6 0 144 219 127 208 255 255 247 249 255 251 252 255 1 212 191 29 50
244 255 207 96 104 192 0 0 0 130 13 239 248 247 223 63 30 120 224 41 47 251 49 14 195 3 0 128 57 239 124 239 189 245 255 127 255 217 227 158 255 156 211 57 51 6 99 154 223 239 255 69 224 125 255 255 223 124 126 63 159 205 157 50
252 255 231 251 116 64 0 0 128 198 31 255 255 255 223 115 141 127 255 63 140 195 48 14 129 1 1 198 25 111 252 243 255 159 65 128 247 255 143 24 230 152 147 57 57 231 59 0 218 229 114 123 77 163 248 252 255 255 116 62 159 207 157 59
107 255 191 80 80 176 243 182 0 5 63 223 185 103 255 127 158 56 68 16 130 251 255 255 255 255 71 12 49 252 127 165 1 124 255 255 239 216 67 136 63 126 244 195 255 126 218 55 218 255 29 192 187 252 255 183 217 40 22 255 0 64 247 112
255 191 227 112 28 96 192 227 97 67 6 57 224 192 255 63 191 252 252 61 140 97 120 239 251 255 127 191 96 0 16 111 60 115 252 237 111 255 255 59 102 220 251 255 255 101 152 255 55 136 227 255 255 255 247 49 8 72 36 22 239 255 191 49
255 255 255 243 241 32 128 231 231 207 30 241 128 131 255 255 190 251 198 49 140 227 56 2 0 224 255 191 255 140 51 134 24 96 28 225 142 3 130 0 134 26 211 25 159 241 223 70 166 255 79 70 163 13 2 8 135 96 241 255 18 197 236 205
255 255 255 247 243 227 129 239 255 255 126 241 128 143 255 255 191 227 140 113 204 99 56 130 103 248 255 255 255 156 51 132 17 126 254 255 204 0 128 222 255 19 145 8 207 248 189 68 4 218 127 70 179 12 34 47 249 255 255 38 27 71 134 205
123 213 255 119 243 251 247 138 2 191 255 255 255 0 6 24 160 131 15 30 128 147 255 255 191 15 96 198 63 255 254 127 227 204 251 255 252 224 2 75 40 255 255 119 51 6 33 191 75 69 184 220 254 243 253 247 255 124 255 63 255 255 191 58
254 157 255 247 51 64 0 193 227 255 15 115 128 1 62 255 255 255 255 243 143 243 24 6 1 224 249 247 255 255 255 14 0 108 248 255 255 255 247 159 247 220 211 25 9 161 61 255 255 255 207 14 226 253 255 255 249 124 126 62 159 205 136 9
254 255 255 49 32 64 128 97 97 199 15 127 240 239 255 63 158 112 196 57 142 243 184 143 243 225 59 135 25 102 60 231 255 255 255 31 230 16 194 222 255 255 247 63 255 231 255 18 136 255 247 255 239 178 57 51 1 60 255 255 191 207 255 63
255 255 255 243 241 96 128 128 129 207 63 255 249 255 255 247 159 127 228 49 14 0 0 0 0 16 24 224 8 47 124 231 31 47 244 216 199 27 131 16 192 0 0 136 128 248 103 0 0 96 48 48 24 12 6 12 151 65 96 180 191 255 255 63
223 255 47 0 16 48 224 176 160 193 31 255 253 255 255 119 159 120 228 17 14 16 0 128 16 24 0 0 0 3 12 96 0 3 222 120 199 25 195 16 0 0 0 224 0 14 2 0 0 0 48 48 25 12 102 238 151 64 0 176 124 127 127 62
223 134 96 188 63 102 204 225 245 255 255 247 255 191 66 16 193 127 255 255 255 255 25 135 0 0 224 247 255 255 255 191 239 152 65 130 119 255 255 255 255 252 211 48 0 0 60 159 223 183 0 8 64 178 252 253 255 127 126 62 155 141 25 0
251 159 34 16 120 252 248 128 0 135 223 255 255 255 255 255 159 8 36 176 227 255 255 189 154 1 0 128 25 111 188 161 255 127 247 221 239 156 243 206 59 108 43 33 48 6 0 154 219 127 208 243 255 247 255 255 255 252 255 0 222 191 29 50
180 255 223 224 104 192 0 0 128 198 255 239 57 103 255 255 255 255 224 33 15 251 48 14 129 1 1 194 57 255 255 175 1 124 252 251 255 159 227 156 247 156 211 57 49 39 11 154 219 255 255 199 255 253 254 255 219 108 118 62 159 207 157 59
255 255 239 48 48 96 0 0 128 195 7 255 248 231 159 127 254 249 197 49 142 241 24 14 128 1 0 192 56 239 12 163 25 231 252 255 255 25 227 28 231 156 147 49 48 6 0 154 223 255 22 67 251 253 255 47 249 110 118 62 159 143 153 50
75 247 190 145 208 176 241 255 6 1 26 220 249 231 254 255 255 251 228 16 128 58 236 251 126 223 198 28 32 236 248 255 41 125 250 255 255 191 227 8 33 252 109 70 238 214 247 38 18 239 255 157 162 77 250 127 219 8 4 222 53 0 196 255
107 255 255 247 251 235 135 130 142 5 126 254 251 255 191 246 223 127 253 255 255 255 255 143 2 66 245 255 127 253 248 247 95 173 176 194 23 255 252 255 143 28 251 49 0 224 191 254 255 255 207 79 71 3 248 253 110 3 0 1 0 136 137 139
255 220 255 247 51 32 128 225 255 255 255 119 129 0 254 255 255 255 253 243 207 243 24 130 64 224 249 231 255 255 255 30 32 124 248 255 255 253 243 159 255 156 211 25 9 161 124 159 79 19 201 196 226 253 255 183 249 254 118 38 155 205 29 1
255 143 33 16 16 32 128 241 225 231 255 255 255 123 194 17 207 126 255 247 159 253 216 131 64 128 112 239 59 255 255 255 255 152 193 128 255 255 255 191 255 254 243 61 13 3 0 137 203 101 48 8 68 146 248 255 255 125 126 62 155 207 157 59
255 255 239 16 16 32 128 241 227 199 14 251 248 255 255 255 255 255 229 49 142 241 152 199 241 248 253 255 255 239 52 131 24 39 252 241 255 255 239 156 247 254 247 255 255 255 15 30 255 191 7 2 0 8 254 255 255 111 22 190 255 223 159 63
252 255 231 121 112 64 0 193 195 207 255 255 255 255 255 31 140 116 246 189 191 243 56 143 195 224 115 231 59 127 252 227 255 255 255 63 101 220 250 255 255 255 247 63 63 225 127 26 200 96 48 243 255 255 251 255 249 63 126 127 159 207 157 11
251 191 227 120 112 240 160 128 128 199 159 255 252 255 255 255 191 255 255 63 138 131 56 204 128 0 0 194 57 111 252 255 255 255 255 239 255 255 247 31 231 220 251 63 16 6 32 155 201 229 243 255 255 247 56 112 254 255 100 54 223 205 25 18
252 191 231 253 244 192 0 3 3 207 255 255 255 255 255 255 159 127 252 249 143 255 56 15 131 97 99 198 59 255 253 167 31 254 255 255 239 220 243 159 255 156 211 57 59 103 59 154 223 255 223 231 251 255 255 183 249 124 102 4 219 255 157 59
252 255 239 241 112 192 0 0 128 199 31 255 184 231 255 255 255 121 228 49 143 243 56 14 129 1 1 198 57 255 61 165 25 255 254 255 223 157 227 156 247 252 211 57 49 39 9 154 223 255 223 247 251 253 255 255 249 108 118 54 19 205 157 59
252 191 231 113 96 64 0 65 1 199 159 255 255 251 142 241 239 255 199 49 142 243 56 15 193 161 35 128 25 111 252 255 111 217 240 247 255 255 247 156 247 252 243 61 63 231 123 18 216 239 255 223 247 243 248 255 255 109 118 62 159 207 157 59
