75 230 254 223 211 247 239 255 127 61 50 144 193 223 255 255 255 255 255 211 134 55 252 235 255 255 239 159 231 220 241 199 127 255 253 255 255 255 247 24 0 4 248 207 255 127 250 255 63 159 199 247 255 245 254 255 159 108 32 0 237 115 226 192
251 255 167 240 252 255 191 255 95 31 254 253 175 127 255 117 135 12 116 252 251 255 255 191 95 231 230 128 183 254 255 255 255 253 251 159 255 254 115 143 61 126 190 34 3 4 0 148 65 64 112 240 248 191 59 48 24 0 2 193 32 56 16 184
0 51 132 207 207 135 15 14 0 0 144 204 118 223 125 238 17 239 251 207 16 230 36 8 134 19 4 76 32 97 12 161 12 127 253 239 123 5 16 0 0 0 0 0 0 80 181 1 0 97 48 115 155 4 248 31 3 0 0 0 0 32 0 192
180 123 223 99 96 192 96 0 128 0 12 238 112 195 4 99 124 241 193 35 14 243 0 12 179 19 4 78 56 99 124 255 121 229 24 51 156 251 239 127 247 156 3 33 0 226 255 127 26 239 255 17 224 31 10 0 0 139 239 103 18 13 141 206
75 255 230 251 159 32 128 239 64 65 2 25 128 215 3 246 255 255 189 243 255 103 8 130 239 219 14 0 0 0 13 231 93 3 0 66 25 3 144 64 132 1 0 0 136 252 135 32 248 255 119 203 255 247 255 199 193 80 104 1 90 63 134 239
107 255 255 255 247 231 143 134 142 159 63 254 241 223 127 255 253 255 255 247 142 135 56 140 135 67 224 254 255 255 245 199 63 255 255 191 255 127 243 95 198 0 3 33 2 0 0 137 193 227 255 247 235 63 26 112 7 64 229 33 18 12 16 0
252 255 239 255 240 224 1 3 0 6 31 255 245 255 15 243 255 255 215 51 136 243 252 255 199 99 2 132 49 239 252 255 127 253 240 247 191 127 199 8 4 88 26 33 51 102 87 26 219 239 251 255 230 251 255 255 211 124 33 144 16 0 129 250
195 255 255 247 243 33 129 239 239 95 18 240 225 199 255 255 190 97 132 113 236 67 56 130 70 224 252 255 255 137 112 199 59 111 254 255 255 145 131 22 222 144 131 16 0 0 0 205 37 128 119 115 9 108 254 255 219 124 126 37 0 8 0 0
254 255 239 241 240 253 0 1 129 130 14 255 248 255 255 247 223 125 252 255 191 255 57 142 195 35 33 194 8 229 252 247 29 253 255 191 255 255 2 0 132 18 18 33 49 54 251 41 222 239 123 85 226 255 255 255 223 96 64 32 16 12 157 62
255 255 239 113 112 96 128 227 231 199 62 255 253 255 255 127 143 120 4 49 200 99 62 130 67 0 0 0 0 0 124 227 159 255 255 156 231 2 131 28 246 254 159 56 11 7 226 249 57 4 34 49 152 46 178 43 209 44 6 254 127 8 17 16
75 132 56 222 255 191 159 255 255 255 255 31 135 28 250 252 255 255 255 247 143 255 252 131 12 0 224 227 191 255 207 136 55 254 255 191 255 255 247 153 247 2 2 0 0 0 0 137 255 48 0 224 251 255 26 112 255 111 118 255 16 0 0 128
252 191 231 253 246 224 0 131 195 199 15 255 246 211 14 50 200 254 255 63 8 131 48 0 131 120 121 130 9 3 16 227 254 147 5 128 57 127 158 25 128 0 17 136 131 40 76 255 255 8 226 251 77 3 128 216 167 73 0 180 255 255 159 63
255 253 255 23 16 32 192 255 255 255 126 27 128 0 254 255 191 255 254 255 191 115 8 131 119 248 248 255 255 31 243 12 48 108 252 239 127 255 252 255 255 25 193 0 207 185 61 201 0 16 253 196 226 253 255 255 255 253 255 36 16 192 110 68
223 132 249 255 23 32 128 225 255 255 254 251 255 12 2 240 233 255 255 247 159 247 8 130 64 160 249 227 15 31 246 251 231 129 32 194 63 255 255 61 134 24 211 24 136 161 45 137 1 232 255 191 71 211 220 92 254 255 101 0 18 253 8 141
107 133 32 248 255 239 223 128 154 191 255 255 191 127 246 144 131 14 62 254 253 142 105 132 138 16 0 0 0 0 252 240 247 255 247 159 115 204 48 195 136 3 1 41 0 6 0 1 128 100 16 177 89 52 188 191 75 0 200 1 0 63 57 48
176 123 223 225 224 219 0 67 195 6 8 0 0 193 141 239 126 208 0 33 0 219 55 62 0 224 127 187 193 236 31 166 56 238 190 251 222 153 67 14 36 112 26 16 2 225 134 0 222 255 197 247 255 247 255 255 255 127 126 50 0 128 104 73
32 115 198 239 207 135 15 6 0 0 152 206 52 223 125 238 49 135 250 207 0 134 32 8 134 83 70 76 0 96 24 225 28 127 252 239 123 5 0 0 0 0 0 0 0 16 0 1 0 100 54 115 187 77 250 63 3 0 64 0 0 32 0 128
75 252 47 18 217 185 179 156 12 223 59 23 128 39 223 127 190 25 100 24 227 251 239 191 254 5 3 0 150 58 109 228 57 103 159 24 198 24 96 198 57 255 255 127 255 7 0 129 249 160 255 255 175 131 33 163 253 252 191 1 196 241 127 48
176 123 223 103 96 192 96 0 128 0 12 238 113 199 12 99 108 251 203 39 30 243 0 12 131 19 79 206 57 231 252 255 72 237 57 103 28 112 234 125 231 157 3 41 48 224 255 191 26 239 63 21 242 28 0 0 0 131 255 37 18 237 237 15
75 255 255 255 223 160 193 128 0 1 2 24 240 192 2 112 248 0 5 114 252 0 8 128 230 251 31 0 96 226 47 255 121 231 30 255 248 35 0 86 128 0 1 8 254 252 215 16 142 255 209 255 111 240 255 39 217 118 106 48 255 127 134 239
252 191 255 255 255 255 5 3 0 135 255 255 255 95 62 240 225 199 29 63 128 131 56 236 199 127 35 132 59 255 254 251 239 223 115 223 249 231 3 24 0 0 16 225 115 126 90 159 219 33 0 160 248 255 251 243 129 104 116 190 159 14 146 48
180 255 255 247 225 0 0 103 103 70 0 225 240 255 255 255 191 127 252 57 12 99 0 2 103 242 255 191 115 196 48 195 255 255 55 0 4 16 250 127 198 16 145 136 255 253 218 246 127 139 66 243 255 247 253 131 33 88 239 37 27 199 255 127
235 255 255 255 247 227 131 130 135 159 63 246 241 223 255 255 255 255 255 243 143 195 56 132 2 64 224 226 255 255 253 231 127 255 255 183 255 30 240 92 198 0 19 49 0 0 0 129 193 224 243 243 249 14 0 0 4 65 225 37 26 8 24 16
235 255 255 215 16 224 227 191 38 13 27 208 240 199 255 255 191 255 252 57 142 34 40 201 38 11 192 64 67 239 252 239 63 127 255 255 255 255 243 223 255 136 67 32 0 0 32 187 223 128 243 255 175 112 124 36 24 223 255 39 16 0 16 0
148 122 95 163 160 192 119 0 0 0 1 12 48 192 153 239 126 128 232 110 127 177 241 93 181 11 2 4 48 235 47 111 56 228 190 127 8 0 192 226 75 11 112 245 117 79 83 190 75 199 57 192 176 124 127 15 1 0 128 65 0 48 241 114
180 72 223 239 231 195 6 0 155 254 125 111 19 15 61 236 121 247 139 99 76 195 0 0 0 0 16 96 0 53 252 228 123 239 52 131 152 35 4 0 132 18 7 57 0 7 224 169 0 108 210 243 41 208 206 78 135 96 113 0 18 128 89 16
251 255 231 240 24 32 128 128 0 1 30 255 253 247 255 255 255 255 245 49 143 251 8 140 0 131 31 47 48 100 60 227 29 255 254 255 255 191 243 156 231 24 3 0 176 241 255 62 18 69 242 247 251 95 250 122 151 108 102 32 18 237 239 255
207 255 239 243 240 224 129 231 5 1 30 253 253 247 159 115 142 112 196 57 136 67 56 235 231 31 132 8 0 108 124 243 201 151 159 62 198 216 203 24 102 16 0 32 0 6 128 0 144 229 50 243 255 255 255 179 153 72 64 32 16 0 0 0
252 255 231 113 112 224 192 3 0 199 31 255 240 243 223 63 156 253 247 55 140 227 56 8 0 225 123 167 57 239 60 227 253 255 223 5 255 254 255 157 247 216 211 29 191 229 23 26 203 32 32 112 121 190 190 253 255 255 68 38 147 205 237 239
75 255 255 247 243 33 129 239 111 95 18 240 225 207 191 255 254 115 132 113 238 67 40 130 68 224 252 253 103 136 112 231 59 111 254 255 255 147 195 20 198 152 131 0 0 0 4 237 37 138 119 115 9 76 254 255 219 124 126 37 16 8 0 0
224 255 239 255 241 224 65 2 2 4 31 254 247 223 126 243 237 255 223 55 128 131 56 76 135 99 87 14 49 236 124 227 255 255 245 215 255 255 247 29 192 0 2 1 50 224 255 55 158 167 242 255 255 247 252 116 223 73 100 1 16 172 237 8
249 255 239 241 240 160 0 128 130 133 30 255 248 255 255 127 159 112 196 49 239 251 63 14 130 64 85 110 8 236 60 161 255 63 215 24 198 144 225 206 191 255 15 17 0 224 255 63 0 229 119 251 253 239 161 163 249 126 62 255 18 136 205 207
248 255 231 241 124 192 0 67 0 199 31 255 252 255 15 50 136 96 255 191 191 227 0 8 0 17 10 196 25 111 60 243 255 183 7 14 0 236 252 255 255 153 211 61 187 231 127 26 200 237 114 243 125 7 185 251 106 223 207 36 3 193 255 127
67 255 239 243 209 161 1 128 134 141 17 2 128 199 31 127 156 253 255 31 12 128 0 0 0 0 0 226 255 255 5 132 25 255 255 47 127 252 207 25 192 144 11 125 144 227 47 26 239 179 69 247 251 255 255 243 253 104 100 20 223 205 137 171
251 255 255 255 247 227 3 0 128 159 63 255 247 71 30 240 224 247 255 255 191 255 57 140 130 65 83 134 27 255 255 255 255 221 49 135 57 255 252 115 134 0 2 145 179 255 255 26 136 231 255 255 103 243 217 209 44 255 255 32 8 255 255 255
255 255 239 255 245 225 129 129 129 3 30 254 241 199 255 255 255 255 255 49 136 1 56 239 231 111 39 128 57 255 253 239 25 101 248 225 191 7 130 24 64 128 216 255 127 110 91 62 223 239 255 95 2 64 206 94 199 104 32 20 237 58 147 34
254 255 239 243 113 224 128 227 1 7 1 0 128 193 159 127 254 241 196 57 140 99 56 203 231 255 255 159 192 128 1 198 56 103 254 127 206 145 2 0 0 0 0 128 255 253 255 118 54 128 231 247 255 255 255 255 129 64 64 252 255 7 6 132
79 254 255 255 151 32 193 239 111 95 63 145 129 223 127 254 153 99 220 63 12 0 8 193 255 31 224 209 255 255 101 128 27 255 127 255 121 253 255 127 64 216 249 255 207 6 33 255 255 127 64 231 255 119 248 249 126 255 101 54 239 27 0 130
160 127 199 65 0 128 96 119 102 0 24 237 120 227 141 47 255 255 195 1 4 34 164 107 247 255 255 159 115 236 48 227 24 3 196 247 255 255 199 24 247 254 255 255 255 79 216 247 55 143 255 255 255 255 218 252 255 45 118 255 135 99 16 16
223 255 231 249 16 96 192 160 231 1 2 240 252 255 15 115 223 255 199 17 128 0 12 224 160 30 253 255 106 193 48 243 255 131 0 128 191 51 135 24 247 255 255 63 221 163 41 255 39 139 114 251 95 3 216 254 151 8 20 255 255 205 157 191
75 254 255 223 145 225 227 255 127 127 50 144 193 207 63 255 188 243 207 17 128 0 188 255 247 31 224 217 255 159 113 134 251 239 61 183 188 255 143 24 98 252 253 103 70 2 32 223 255 27 192 115 233 255 255 245 254 111 52 254 191 8 17 250
255 133 241 255 127 39 132 235 251 255 255 255 255 29 34 240 235 255 255 247 159 255 24 130 0 224 120 225 31 255 254 255 255 155 112 195 63 255 255 145 199 254 223 57 139 225 255 255 63 135 243 255 76 241 252 93 2 0 129 223 127 13 128 139
255 191 227 120 124 252 152 129 129 199 255 255 255 255 255 19 128 0 244 253 255 255 255 191 203 35 99 198 25 111 252 227 207 255 207 12 99 220 253 239 31 253 255 113 63 103 59 26 219 109 18 115 251 174 49 241 255 255 11 0 64 176 253 255
67 255 255 247 255 227 135 4 0 9 1 244 241 195 62 254 251 239 253 255 173 195 0 136 4 241 255 191 127 236 242 239 41 109 56 227 26 35 4 16 196 0 3 153 251 253 255 255 127 159 255 207 2 0 4 12 134 195 96 32 10 227 230 197
79 254 239 251 145 32 195 239 239 255 3 16 128 255 255 255 159 255 255 63 140 0 8 192 231 252 232 209 255 255 117 134 25 254 255 191 255 252 243 25 198 128 208 239 207 8 0 129 205 242 65 64 248 254 255 255 255 127 116 4 129 255 63 48
79 132 125 31 147 115 231 136 255 255 254 179 135 8 34 248 255 255 255 115 134 144 136 132 0 160 185 227 207 159 239 156 119 206 240 227 31 63 246 248 231 220 35 17 0 161 12 0 201 112 209 238 63 0 72 12 246 255 255 54 19 8 0 201
255 159 243 255 54 0 128 193 65 65 206 255 255 217 2 16 200 255 255 255 191 231 24 130 64 224 127 175 57 236 254 255 239 129 96 199 57 255 254 59 199 156 219 25 189 241 255 63 30 239 251 191 70 112 252 221 250 251 0 132 243 255 140 141
79 254 255 255 179 33 131 204 12 223 51 16 128 135 255 255 255 255 255 127 140 0 8 128 197 249 255 191 255 254 15 132 25 254 60 161 31 254 255 57 192 128 209 221 255 255 255 127 62 255 79 194 251 143 2 0 36 203 96 180 139 243 239 69
75 228 255 255 159 35 131 239 127 255 127 145 131 6 254 254 185 239 255 255 191 96 8 128 68 240 248 247 255 191 247 140 1 124 124 229 127 255 254 255 206 16 1 8 207 155 32 137 197 144 237 132 162 253 254 255 123 222 65 32 90 197 102 213
207 254 255 255 183 32 128 192 239 255 63 19 128 135 63 126 184 255 255 63 140 0 0 128 0 176 249 227 223 191 7 128 17 102 28 32 8 119 254 123 198 0 129 157 223 255 111 24 204 126 69 194 187 142 128 192 38 255 255 53 223 255 135 143
255 191 225 120 116 116 128 128 193 199 143 247 254 255 199 17 128 64 6 189 248 255 31 158 128 0 113 231 25 37 0 128 222 187 7 4 32 254 255 191 255 255 147 49 16 161 253 255 0 0 0 115 95 182 145 240 255 253 255 63 27 140 157 159
192 255 239 3 0 0 64 244 231 206 28 243 249 231 159 127 190 255 199 1 14 243 180 39 247 254 255 255 255 15 48 195 9 7 156 113 191 127 239 28 231 252 255 31 255 247 127 94 239 128 34 55 27 0 0 8 6 9 182 223 55 192 205 255
176 123 223 227 225 219 0 67 195 70 8 0 0 193 157 239 126 209 0 33 8 211 54 62 0 224 127 59 129 252 31 175 57 239 191 255 254 185 99 30 52 80 2 16 0 128 4 0 223 247 213 247 255 117 120 186 255 255 127 50 16 140 124 41
95 252 255 19 16 32 226 255 255 255 127 23 129 239 255 255 191 255 236 49 143 48 184 199 119 232 255 255 255 253 255 135 17 124 254 253 239 223 243 255 255 220 243 31 255 249 255 255 63 255 95 70 160 253 255 247 25 12 230 247 255 207 142 143
148 123 223 231 239 1 0 111 239 222 61 163 0 135 253 239 63 255 248 33 12 65 0 0 69 248 249 255 255 255 39 128 0 124 252 255 255 157 243 152 230 16 129 8 203 249 127 255 255 191 13 0 176 252 255 191 1 0 68 255 155 207 206 207
255 157 243 112 112 240 128 131 3 135 7 112 208 225 231 159 191 80 68 49 136 251 255 191 195 103 34 144 64 0 16 103 56 251 239 57 206 0 2 0 0 0 16 225 51 14 0 65 32 238 115 209 255 255 33 163 1 0 0 0 0 48 113 114
176 123 223 71 0 192 97 0 160 142 29 239 112 3 12 233 127 255 129 0 0 160 4 101 160 12 65 230 27 111 62 233 32 0 48 243 223 51 195 28 243 234 67 191 84 3 0 137 193 32 48 24 20 80 254 111 219 124 118 46 155 47 17 0
255 191 33 16 120 124 176 209 0 1 6 253 252 251 255 63 159 8 100 185 239 217 75 136 24 19 14 8 48 231 28 227 12 51 254 127 231 157 241 223 223 180 179 61 255 31 0 128 203 239 54 51 1 96 127 191 251 4 98 117 131 97 17 48
255 220 255 255 243 247 134 129 0 3 111 63 177 205 55 212 240 67 5 48 128 195 63 190 1 3 0 0 0 99 12 32 0 0 8 96 0 3 0 64 0 1 0 0 0 16 0 129 217 32 48 62 0 0 0 8 224 251 249 32 0 0 80 48
148 122 207 239 231 193 3 0 128 128 61 239 119 223 255 255 63 103 252 255 47 231 17 12 128 0 0 66 56 255 252 231 63 127 255 239 127 159 240 255 207 25 19 49 16 38 107 191 255 255 199 231 251 253 255 247 73 88 239 37 18 140 153 50
180 255 255 255 225 0 0 103 103 70 12 225 241 255 63 119 156 113 222 63 14 99 48 2 103 250 255 191 115 196 48 227 255 191 247 30 36 16 194 123 198 16 145 8 255 253 218 254 127 139 66 243 125 255 255 3 1 72 236 119 155 199 255 127
255 220 255 23 16 32 96 0 128 195 255 255 179 79 62 253 255 243 197 16 132 128 136 237 160 13 0 0 0 35 12 96 0 7 60 241 220 19 131 16 66 200 76 101 0 6 227 24 8 100 48 49 24 4 6 12 150 107 0 128 127 8 0 130
251 255 255 241 121 224 128 195 3 199 63 127 144 67 159 127 254 249 255 63 143 227 8 128 0 64 120 228 255 255 127 13 16 228 253 255 255 255 255 191 255 152 19 56 0 0 4 255 127 223 79 196 242 253 255 247 249 255 102 36 18 13 8 8
180 127 7 224 232 216 17 7 239 222 29 227 8 179 223 127 63 8 240 185 239 255 243 7 207 224 249 255 255 255 63 142 0 48 250 127 207 157 240 255 159 29 18 0 27 240 253 159 222 147 205 46 130 64 255 191 123 222 111 32 16 255 239 207
235 255 255 241 80 160 193 255 103 13 30 249 248 231 255 255 190 96 132 57 172 0 40 193 127 255 254 153 99 204 124 231 25 127 159 57 192 128 235 126 255 129 208 142 255 31 130 4 0 255 63 193 187 6 33 171 255 255 254 255 139 227 119 119
148 122 207 47 0 0 64 96 239 254 253 231 87 23 92 233 109 255 195 1 0 224 20 103 224 132 49 227 255 31 116 192 1 252 125 247 255 255 143 24 230 254 255 255 255 239 11 24 237 0 0 176 251 125 254 124 146 40 54 223 255 255 191 63
235 255 255 255 247 227 131 130 135 159 63 246 241 223 255 255 255 255 255 243 143 195 56 132 2 64 224 226 255 255 253 231 127 255 255 183 255 30 240 92 198 0 19 49 0 0 0 129 193 224 243 243 249 14 0 0 4 65 225 37 26 8 24 16
255 253 239 114 48 224 224 128 129 131 14 127 176 231 255 127 158 112 228 61 132 0 8 192 0 120 127 255 56 100 24 161 185 119 159 12 4 144 250 255 239 129 83 157 245 169 184 1 146 127 80 227 187 174 177 251 105 220 255 55 155 207 128 145
255 255 255 115 16 224 224 179 35 7 63 255 255 255 254 255 255 121 196 49 132 0 8 192 33 252 127 172 17 124 124 227 11 7 178 88 198 25 227 126 247 220 115 30 255 255 3 0 208 229 50 59 4 207 99 226 255 127 102 182 255 223 255 255
180 72 223 239 231 195 6 0 155 254 125 111 19 15 61 236 121 247 139 99 76 195 0 0 0 0 16 96 0 53 252 228 123 239 52 131 152 35 4 0 132 18 7 57 0 7 224 169 0 108 210 243 41 208 206 78 135 96 113 0 18 128 89 16
203 255 231 241 240 224 129 231 6 0 30 252 248 243 207 63 142 120 196 49 142 3 56 203 103 27 4 8 0 64 60 227 156 255 255 255 255 152 131 16 198 0 0 32 0 0 247 125 16 109 210 247 255 52 125 191 219 104 64 0 16 8 73 206
195 255 255 243 217 0 129 231 231 72 30 249 241 199 254 255 255 249 132 49 204 99 40 130 70 194 252 121 0 76 120 227 9 101 252 251 255 155 227 28 198 16 0 0 0 128 165 237 0 239 50 49 24 12 70 44 255 111 98 32 91 12 78 207
225 255 239 255 241 241 3 6 2 4 30 254 247 255 127 247 223 255 255 55 128 131 56 12 2 99 255 62 59 236 124 227 223 255 253 182 255 255 247 29 228 0 2 17 50 241 156 167 254 175 194 255 255 247 249 112 157 72 100 32 16 255 255 61
225 255 255 243 255 239 131 7 2 0 30 254 241 231 255 255 255 255 255 51 136 195 56 140 7 99 255 174 51 252 124 227 127 111 244 255 255 255 255 24 132 0 19 25 179 255 255 6 158 231 48 241 125 125 254 12 144 104 64 0 64 177 128 207
255 255 111 48 48 32 128 128 0 0 6 255 253 255 255 127 143 120 4 49 206 249 14 158 192 3 4 76 32 64 8 227 141 63 255 60 199 24 195 132 183 62 135 33 32 70 255 255 255 47 2 33 153 12 243 47 217 124 126 186 26 12 25 0
65 255 239 251 209 1 0 128 239 223 25 131 128 255 255 119 157 127 254 63 140 194 0 6 128 0 17 226 223 191 117 134 223 255 255 191 255 252 194 24 198 216 139 57 16 231 127 90 236 128 103 115 217 60 63 247 207 104 100 54 23 200 205 239
249 255 239 241 112 160 0 0 130 199 15 255 248 255 223 119 158 96 228 57 239 251 47 12 0 224 127 47 8 236 60 227 255 191 215 28 198 152 225 206 255 19 3 17 187 241 255 35 16 68 112 243 255 255 49 243 253 61 254 33 18 237 239 79
254 191 231 249 32 64 64 0 225 199 31 255 255 255 14 51 205 126 255 191 158 227 24 15 128 160 51 167 25 239 188 243 255 147 1 2 20 254 254 255 239 24 211 189 191 239 15 26 65 224 50 59 13 16 252 255 111 88 64 36 130 255 187 59
251 255 255 255 255 231 3 0 128 159 127 255 247 71 30 112 192 231 255 255 191 255 57 140 130 97 83 134 27 254 254 255 255 221 113 135 57 254 252 115 142 0 2 145 187 255 255 59 24 231 255 255 239 243 217 209 44 255 255 33 0 255 255 255
1 119 6 129 248 255 255 158 14 0 16 216 255 255 255 255 255 31 96 0 1 30 238 120 30 78 222 124 34 204 248 227 15 63 252 249 255 255 119 156 33 0 0 128 2 24 128 229 19 197 50 49 153 76 254 254 223 108 102 34 152 254 127 60
180 248 255 103 33 64 0 1 1 254 255 111 17 0 254 255 255 255 255 33 12 227 52 15 225 225 123 167 157 126 95 140 49 254 255 191 255 252 207 24 231 220 223 17 191 245 255 51 152 52 192 246 251 255 255 247 189 108 116 62 19 192 237 207
249 255 255 243 249 251 128 207 2 7 127 127 176 239 255 255 255 251 36 113 203 251 62 138 67 243 255 175 183 252 127 133 17 254 254 187 223 159 227 140 181 16 144 152 187 253 250 39 146 21 193 246 251 255 251 255 217 108 102 32 10 247 230 5
79 238 127 151 145 33 129 132 255 219 2 144 193 239 59 247 222 255 207 113 207 0 8 128 0 16 136 240 255 131 0 194 25 39 20 192 255 255 239 29 199 0 1 0 128 27 0 217 109 154 0 35 25 4 198 92 254 111 118 36 27 199 95 119
223 255 255 255 241 225 195 133 0 1 63 254 241 199 30 254 255 255 205 51 132 1 56 237 231 127 231 142 59 254 252 255 41 5 16 227 223 51 135 24 64 128 216 255 247 110 91 22 218 239 251 63 164 217 254 111 251 106 32 20 237 18 145 32
0 123 223 231 235 129 1 111 79 76 24 233 225 255 255 255 255 255 139 97 12 67 32 2 71 250 252 253 103 221 248 231 127 255 255 255 255 255 243 28 196 144 211 255 203 11 0 4 247 255 211 247 255 245 252 254 151 108 96 4 207 255 63 59
176 59 255 79 0 128 64 119 103 68 28 237 114 203 61 255 253 255 219 3 12 115 180 107 119 255 230 221 115 237 176 239 123 255 124 179 189 255 207 8 231 254 255 255 111 2 16 255 255 129 115 241 251 220 222 221 254 111 4 142 160 40 0 144
180 0 0 12 14 4 72 96 240 246 193 7 4 56 225 207 127 255 251 195 13 0 0 0 0 184 27 183 221 3 128 68 255 255 255 255 255 253 243 156 230 152 243 223 255 255 2 64 237 136 231 243 249 124 255 255 251 108 100 182 139 247 246 247
148 123 223 255 239 199 1 111 95 0 28 233 247 255 255 239 17 71 188 253 125 67 48 2 231 251 255 191 35 252 249 163 191 255 255 255 239 204 179 19 196 16 209 204 255 249 252 255 22 255 68 226 255 247 63 179 249 100 96 36 239 255 174 4
7 64 24 2 0 17 127 188 253 251 225 0 1 4 249 255 255 255 249 0 7 56 196 97 60 28 0 192 222 155 199 12 49 124 252 243 223 191 247 255 243 204 96 32 4 2 5 136 237 50 205 196 226 93 78 4 124 255 103 182 17 0 64 254
251 255 34 240 253 255 187 135 2 15 159 252 253 255 255 255 159 12 116 249 255 255 251 159 255 243 71 128 123 254 125 231 159 127 255 127 67 140 240 231 31 61 253 33 255 127 2 246 255 255 255 71 163 125 55 35 249 255 11 0 0 112 247 255
223 191 247 63 16 96 192 160 231 1 2 248 255 203 14 243 255 255 199 17 128 161 12 165 32 6 244 251 104 193 176 251 127 131 0 210 255 51 131 8 247 255 255 63 255 167 169 255 55 131 178 251 95 3 248 255 215 8 20 223 255 205 153 255
79 254 239 251 145 32 195 239 239 255 3 16 128 191 255 255 159 255 255 63 140 0 8 192 231 252 232 209 255 255 119 134 25 254 255 191 255 252 243 25 198 128 208 239 207 8 0 129 205 242 65 64 248 254 255 255 255 127 116 4 129 255 63 48
127 132 255 255 243 35 132 201 219 255 127 255 179 8 50 248 255 255 13 113 200 227 14 130 0 160 57 227 31 127 254 253 99 73 240 251 255 191 199 28 247 120 131 16 0 128 4 154 217 32 250 255 47 81 254 126 223 109 102 190 155 143 8 189
75 247 36 208 255 255 191 132 158 9 2 144 236 255 255 255 255 8 52 248 255 142 251 222 140 2 132 16 235 139 32 195 29 127 254 255 255 143 112 214 8 1 10 0 0 0 4 253 255 139 103 247 191 93 254 255 95 16 0 0 127 30 0 128
251 255 255 243 251 255 147 143 15 255 63 246 153 167 255 255 183 0 36 248 251 255 255 158 223 227 227 134 255 255 255 143 59 254 255 127 66 136 121 230 191 127 159 33 59 246 31 30 255 255 207 198 163 252 255 167 248 254 159 8 0 0 224 239
255 141 225 124 127 238 140 128 129 247 255 255 255 57 2 144 193 255 255 247 159 239 120 207 203 33 33 198 25 55 222 249 239 223 225 135 255 255 247 157 231 0 144 161 255 127 43 26 201 100 178 185 255 255 255 243 221 8 254 33 0 0 243 255
255 141 96 60 62 38 128 193 241 227 198 243 255 249 2 16 192 68 159 255 255 229 11 128 0 224 63 163 8 0 216 123 238 145 1 130 255 255 247 159 255 16 131 24 136 241 255 1 0 64 176 185 108 179 248 124 250 255 127 36 154 239 14 13
127 132 251 126 243 127 134 128 153 247 255 255 191 12 2 208 224 223 15 243 251 255 255 191 129 0 1 194 28 255 255 191 247 136 48 195 255 255 119 133 255 55 178 49 16 230 255 187 152 101 249 255 100 241 255 119 217 4 2 0 64 184 253 10
255 253 235 127 113 224 235 128 171 223 255 255 255 255 255 127 141 53 4 48 196 131 250 255 247 109 1 0 0 62 124 160 133 126 95 24 197 0 3 0 115 239 252 247 127 111 251 49 24 228 62 16 16 4 176 255 251 127 0 0 255 31 145 2
255 141 255 255 115 35 128 193 251 247 127 255 179 0 126 255 255 247 141 241 206 255 31 130 64 160 121 231 191 255 255 127 35 76 56 241 141 3 241 254 255 255 151 24 137 225 125 159 255 167 201 189 162 9 66 12 22 149 255 111 19 141 128 143
75 132 32 220 223 255 255 191 255 61 242 144 207 62 250 144 131 14 254 254 247 63 235 128 62 82 192 216 231 159 243 222 255 255 255 143 123 236 248 255 255 7 0 0 2 16 0 193 231 186 247 255 255 255 255 255 1 156 255 111 0 0 0 0
107 253 47 240 255 239 159 255 127 63 254 240 239 255 255 246 211 15 60 240 255 255 255 155 127 247 228 221 231 221 241 215 255 255 255 255 255 15 49 198 255 255 151 0 3 0 0 133 231 171 247 243 105 112 254 255 223 0 154 255 51 0 0 128
148 123 223 231 239 1 0 111 239 222 61 163 0 135 253 239 63 255 248 33 12 64 0 0 69 248 249 255 255 255 39 128 0 126 252 255 255 157 243 152 230 16 129 136 203 249 127 255 255 191 13 0 176 252 255 191 1 0 68 255 155 207 206 207
255 255 255 243 241 241 131 128 0 1 2 240 241 231 255 255 191 81 68 49 128 131 56 236 135 3 0 16 64 224 124 227 25 255 255 61 206 0 2 0 0 0 16 225 49 14 0 129 0 231 50 0 184 188 39 2 128 64 64 0 0 48 48 0
254 159 243 125 112 240 160 129 129 199 15 119 208 251 239 191 191 126 196 49 138 211 24 140 129 32 33 194 25 39 12 0 8 255 255 191 135 16 195 28 247 212 19 49 17 7 0 128 201 112 0 50 153 44 7 2 17 8 0 128 50 0 16 240
255 159 127 16 0 32 224 160 224 193 255 255 255 111 254 255 255 255 237 17 142 32 136 231 176 8 0 64 24 127 252 239 63 1 160 192 255 255 247 156 231 220 227 63 4 34 39 8 201 237 255 29 4 0 68 76 254 239 118 54 155 8 9 170
180 123 223 1 0 80 96 49 227 206 61 239 48 1 188 239 127 251 64 32 78 177 146 85 48 0 32 224 8 7 30 104 0 64 184 251 222 185 227 28 247 172 115 61 0 160 39 8 193 0 48 176 190 221 255 239 217 108 118 39 3 8 9 10
0 250 223 195 225 217 115 4 132 136 125 239 123 239 188 243 126 123 232 105 111 251 163 12 151 83 135 14 26 124 252 227 11 255 255 255 254 152 227 222 223 28 51 41 50 4 0 0 219 101 16 0 249 255 59 35 25 4 0 128 50 0 0 160
255 191 33 48 120 60 144 211 0 1 6 253 252 255 255 63 143 8 244 185 239 93 73 136 89 19 14 8 48 231 28 227 12 51 255 127 231 220 243 255 223 188 243 61 255 7 0 0 203 239 54 51 1 96 127 191 251 4 102 117 131 65 17 48
251 255 239 243 240 224 129 135 3 143 63 255 255 255 255 255 159 127 244 49 143 243 248 255 247 235 231 142 59 126 252 231 191 255 255 189 231 28 243 220 103 220 242 255 255 239 223 2 154 229 242 247 251 255 187 35 17 76 239 55 141 255 255 255
255 140 255 255 243 115 128 128 0 129 7 63 176 192 3 222 240 64 4 48 200 195 31 190 128 3 0 64 24 99 12 32 0 0 0 64 0 3 4 96 0 0 0 0 0 26 0 155 201 0 48 16 156 15 0 72 255 255 104 32 24 0 84 80
240 255 199 225 224 208 0 71 71 4 12 232 248 247 223 119 31 120 192 33 14 211 176 79 247 255 255 159 97 0 48 227 157 183 223 28 198 24 195 24 69 252 255 255 255 239 251 126 54 137 98 115 25 44 51 35 145 72 0 0 255 255 191 59
251 191 231 113 112 224 224 130 2 0 0 240 248 255 255 247 159 124 196 49 142 163 56 205 2 227 255 63 113 192 0 128 28 255 255 191 199 28 195 24 195 140 11 16 255 249 255 102 54 27 0 98 251 190 63 179 217 108 0 4 0 224 239 255
254 191 231 241 112 96 128 193 195 199 31 255 255 255 207 51 143 124 246 61 143 251 56 142 195 224 115 167 25 239 252 243 207 157 207 28 231 252 255 255 255 252 243 57 59 231 127 26 218 239 63 1 64 42 1 240 126 255 255 55 95 141 129 187
254 255 239 241 249 127 128 193 195 199 31 255 255 255 255 255 255 89 36 241 239 255 127 14 0 224 113 231 59 239 252 231 31 61 250 255 207 157 97 132 255 55 151 49 1 225 125 191 219 239 51 1 0 0 38 46 223 4 2 235 18 140 137 9
128 255 255 243 225 0 0 103 103 78 16 225 241 255 31 119 156 113 196 63 14 99 0 2 103 251 254 189 115 204 48 195 223 191 255 30 100 144 194 91 199 152 209 140 255 255 255 254 255 159 118 115 89 252 191 183 1 64 236 255 159 199 207 239
180 255 223 1 32 16 0 115 99 206 29 239 248 231 159 39 14 120 192 1 8 64 4 34 115 28 0 0 0 47 28 160 0 2 4 0 4 16 207 60 4 16 240 254 0 6 66 1 0 100 48 48 8 0 4 12 246 239 118 48 204 59 17 0
223 204 255 255 243 99 130 128 128 243 255 255 179 4 62 220 160 195 254 127 190 227 57 143 128 0 0 64 24 127 255 41 163 0 0 0 0 3 252 251 255 19 2 49 0 2 32 137 201 125 16 8 4 203 199 69 0 128 201 65 80 8 16 0
244 59 192 8 0 0 104 119 119 66 140 249 255 251 64 161 207 254 255 167 15 48 240 99 255 255 255 255 99 68 240 255 255 145 240 223 255 255 247 159 247 156 240 143 255 251 255 255 55 129 226 191 108 241 255 255 249 124 102 54 155 255 255 127
223 140 113 52 48 0 128 192 64 65 3 63 242 248 243 255 255 255 205 17 136 192 8 130 64 128 24 1 0 0 0 96 8 127 252 251 223 1 2 0 132 16 128 0 8 253 255 127 58 255 30 3 129 12 110 15 129 96 254 255 159 207 207 223
255 135 240 124 22 32 128 192 0 1 198 255 254 251 35 176 207 126 157 211 140 224 8 128 0 242 63 63 56 0 128 225 206 155 231 222 247 55 131 16 132 0 195 217 255 253 222 254 127 29 2 1 217 255 255 47 129 104 255 255 159 207 255 125
235 255 239 241 80 224 193 255 103 5 30 253 248 231 255 63 142 32 196 57 172 0 56 227 255 255 68 8 33 236 61 167 153 35 135 28 196 216 255 255 255 136 240 238 239 78 227 0 154 255 119 251 31 2 177 251 255 255 127 54 137 115 127 50
75 228 62 19 16 32 243 254 124 121 3 144 201 174 255 255 255 255 229 16 134 48 204 243 124 156 218 125 214 128 96 198 59 255 254 255 255 253 195 24 99 252 237 206 204 216 23 106 117 10 0 96 249 253 255 255 217 108 4 190 255 223 255 127
79 132 56 20 31 63 255 128 0 1 66 158 255 236 242 218 130 139 62 220 177 136 72 252 136 3 0 76 48 3 128 227 255 255 7 0 0 2 12 32 0 3 12 255 32 66 253 255 255 31 2 33 24 2 0 8 38 131 0 128 228 59 9 0
254 255 239 241 112 96 0 0 128 199 31 255 240 247 255 255 255 255 252 57 142 227 56 14 0 224 127 167 25 100 60 227 0 1 216 225 255 255 255 30 199 16 3 16 49 241 255 255 63 5 0 48 24 76 230 252 255 111 100 36 27 204 239 207
251 255 255 243 112 160 128 227 67 71 15 253 241 239 191 255 255 121 228 49 140 67 56 130 99 251 127 141 17 100 120 231 127 255 255 191 255 187 195 24 198 152 251 255 255 239 255 126 0 197 243 243 255 255 255 243 249 108 100 54 255 255 191 63
255 255 255 243 113 96 128 128 195 199 14 127 240 239 255 255 191 113 236 121 175 227 56 134 129 0 33 227 8 3 28 224 63 255 255 191 255 159 195 16 134 16 147 49 25 39 9 152 201 108 118 243 249 254 255 55 249 127 96 0 95 0 145 251
75 134 32 144 159 191 255 190 190 255 243 144 143 190 251 255 147 15 60 240 255 255 239 145 12 0 0 64 198 155 231 134 255 255 255 191 255 207 49 128 255 255 7 32 0 0 0 129 193 224 247 243 25 32 252 254 255 1 0 255 51 0 16 16
255 159 243 255 255 231 128 129 195 255 255 255 191 95 38 240 193 255 255 255 255 255 63 142 129 32 96 231 63 255 255 185 231 8 96 194 59 127 188 161 134 28 159 57 19 163 125 155 203 32 0 40 28 80 220 92 6 0 0 1 0 189 25 0
255 255 239 49 112 112 128 129 1 195 15 63 144 193 255 255 191 253 196 49 206 243 24 140 129 1 0 128 24 99 13 32 16 102 252 125 143 17 195 16 199 28 19 32 1 230 127 26 8 0 112 118 187 76 7 6 0 0 0 128 0 0 237 255
255 253 255 19 0 32 64 160 224 195 127 255 185 103 158 249 255 255 237 51 142 240 136 79 160 0 0 66 24 127 254 127 0 0 0 192 158 255 239 28 231 220 227 49 20 162 7 8 201 237 63 12 6 65 68 68 190 239 102 38 17 136 137 187
180 249 95 0 0 0 96 0 225 194 5 47 24 0 188 255 126 251 224 33 15 241 144 7 0 0 17 98 8 3 12 104 32 111 252 255 255 25 227 156 199 28 2 49 0 224 255 120 0 64 255 247 187 125 111 38 145 108 102 0 128 255 239 15
240 191 223 225 232 192 0 3 2 4 29 255 248 255 255 255 255 127 236 241 207 251 48 14 3 67 6 0 0 110 60 225 0 124 254 255 207 25 224 144 135 16 3 0 0 244 255 62 25 69 48 48 154 124 39 6 0 0 0 0 0 224 237 239
255 255 227 112 28 96 192 227 227 255 255 119 156 51 255 253 191 124 244 185 175 227 24 131 227 176 104 231 255 39 17 0 4 50 254 253 255 31 240 222 255 159 211 57 159 2 41 255 105 16 0 0 0 12 102 46 3 0 223 255 191 207 157 31
255 159 32 248 254 126 152 129 0 231 255 255 255 255 255 243 143 126 252 249 255 255 251 159 255 227 39 134 57 255 252 255 255 255 255 158 231 220 241 134 255 255 255 255 191 103 91 22 219 239 243 243 255 183 49 51 217 6 2 222 255 255 159 51
251 255 239 241 240 240 129 135 3 7 31 255 255 255 255 255 159 127 228 49 142 243 248 255 255 239 255 142 1 108 252 227 191 255 255 255 239 28 227 156 119 220 240 255 255 255 223 118 18 237 114 243 251 255 55 35 17 0 68 1 128 243 239 255
240 255 207 225 224 128 0 71 67 4 8 232 248 247 223 127 31 120 192 33 12 67 176 111 247 239 255 159 97 68 48 227 29 55 223 124 198 16 195 24 4 252 255 255 255 239 251 126 54 137 114 115 25 4 33 43 145 64 0 144 239 251 187 59
254 191 231 241 112 224 128 195 195 199 159 255 255 255 239 51 143 124 246 189 143 255 60 142 195 225 99 131 57 239 252 247 206 153 203 4 103 254 255 255 255 220 147 49 59 231 127 26 218 239 18 1 0 10 0 112 14 11 196 231 27 136 129 171
255 255 239 241 253 127 128 193 195 207 31 255 255 255 255 255 255 77 36 241 239 255 123 142 0 224 113 231 59 239 252 231 13 5 240 248 223 15 33 132 255 51 147 49 9 225 255 191 223 239 59 1 0 0 4 44 223 1 0 233 18 140 153 9
180 123 255 239 231 199 3 7 135 142 61 239 119 223 125 230 9 103 254 255 63 195 48 14 7 96 243 238 63 255 252 255 255 255 127 143 1 4 144 115 198 17 146 49 3 225 255 191 223 239 19 1 0 60 63 15 1 144 233 117 152 175 157 9
233 255 239 243 255 160 129 199 71 4 30 249 241 195 14 50 200 225 191 255 255 227 56 130 199 243 255 157 35 76 240 255 255 253 19 15 56 96 176 243 223 19 147 8 187 245 255 126 62 239 243 249 108 243 255 247 1 16 219 101 18 192 255 127
255 255 227 56 16 224 224 160 160 199 143 127 188 113 199 245 255 255 215 177 207 255 250 255 251 227 99 135 24 100 29 33 84 243 252 255 255 63 243 223 119 252 242 255 127 103 251 255 91 127 85 226 255 255 255 255 17 92 255 1 0 160 249 251
203 255 255 241 249 249 129 223 239 9 26 248 249 239 255 255 255 255 5 48 207 251 254 150 7 226 253 255 99 204 240 231 25 109 252 243 255 27 3 128 183 254 191 17 11 1 168 239 39 207 127 17 0 8 254 255 215 36 18 219 50 0 0 192
235 183 32 80 220 252 253 183 2 5 223 255 255 255 255 19 131 12 254 252 247 62 233 137 191 91 78 0 17 110 252 255 255 255 243 30 99 220 248 255 255 255 127 61 231 70 210 0 0 224 242 249 104 191 51 179 120 254 255 255 19 0 0 160
255 141 97 248 255 255 156 129 147 255 239 119 159 189 255 30 129 79 62 255 255 223 251 255 203 33 97 199 223 191 247 222 255 255 255 63 33 236 57 163 28 18 146 241 59 39 41 139 65 64 48 64 248 254 63 179 248 2 0 1 0 160 241 251
255 221 255 247 243 227 128 128 131 199 127 255 179 77 190 255 255 251 236 123 140 227 56 142 195 99 97 198 191 255 255 63 1 252 255 255 222 16 226 126 132 16 147 57 59 103 123 191 255 255 31 0 224 60 39 2 1 216 255 49 223 255 191 63
15 196 61 183 187 251 255 141 28 187 1 0 192 140 17 6 144 255 255 95 144 0 8 224 0 0 160 116 196 129 192 94 251 255 255 167 56 96 10 1 0 0 8 224 0 0 164 233 1 218 255 215 251 255 255 151 1 0 0 128 108 16 106 64
254 191 227 248 252 124 0 128 195 207 159 255 255 255 255 19 131 68 52 253 255 255 63 142 195 32 97 231 59 239 252 227 255 31 243 28 231 132 48 194 159 255 255 123 59 167 121 191 223 239 54 25 0 232 247 183 249 52 26 136 255 255 191 59
