132 123 207 225 237 31 1 0 199 200 0 2 64 247 253 239 127 255 32 161 75 207 50 6 128 0 160 251 255 255 47 135 24 54 220 113 130 8 9 0 132 246 159 121 0 162 45 8 207 243 125 64 145 12 0 0 132 227 17 0 118 157 137 10
244 255 239 243 96 192 64 0 128 128 13 255 240 247 255 255 191 255 255 37 12 227 48 15 128 0 0 0 8 99 60 227 191 255 253 183 191 126 255 24 198 24 2 32 0 6 67 16 200 228 242 255 255 247 1 80 180 107 116 36 16 8 25 58
244 255 255 243 96 0 0 0 128 192 13 255 240 239 255 255 255 251 228 49 14 227 48 14 128 0 0 0 0 99 60 227 25 111 252 251 142 25 227 28 198 16 2 32 0 6 103 0 128 228 114 247 255 77 97 11 209 108 100 36 16 8 1 186
180 251 223 227 105 64 0 65 1 2 12 239 241 255 255 255 255 255 252 33 13 195 16 14 65 163 38 13 0 100 124 227 63 255 254 255 255 189 243 28 198 16 147 57 1 0 128 129 128 228 114 243 255 85 120 63 251 126 100 32 0 0 0 0
176 25 194 255 79 128 72 0 226 254 253 239 55 95 124 0 8 100 154 239 125 231 1 0 0 16 24 32 25 127 255 255 231 28 115 140 97 230 156 3 206 155 215 57 146 135 64 1 200 101 249 156 6 2 0 248 239 3 0 236 187 255 29 0
244 255 255 243 241 192 0 0 0 130 13 255 240 199 31 127 252 241 236 255 255 227 48 14 131 3 0 192 123 239 124 239 249 231 255 255 255 255 255 255 223 152 147 49 48 6 32 191 255 191 255 255 255 241 124 240 254 207 102 36 19 12 16 0
176 255 255 255 225 193 0 2 2 206 29 255 241 255 31 118 216 115 135 119 222 227 48 14 131 1 64 198 127 255 253 255 255 253 243 223 255 255 243 159 255 155 147 57 50 6 32 159 255 175 195 249 255 255 249 251 249 254 255 63 27 141 25 16
176 255 255 243 225 192 1 0 0 128 13 238 240 239 255 255 255 255 228 49 79 195 0 12 0 0 0 64 0 99 124 231 63 127 252 255 255 157 131 16 198 16 3 32 0 2 101 255 255 175 119 243 255 125 127 39 217 108 118 36 26 0 64 192
252 255 231 241 120 64 0 0 193 207 159 255 184 243 207 63 255 120 228 49 207 227 48 14 128 0 32 227 27 111 61 161 16 114 254 127 255 189 243 158 247 188 147 57 17 3 32 137 201 101 255 247 191 112 38 32 156 77 254 255 191 205 25 16
180 251 223 231 224 192 0 1 1 130 29 239 113 199 254 255 255 255 253 33 14 195 16 12 0 224 63 174 0 100 124 235 127 255 255 255 255 253 243 28 199 16 147 153 187 133 216 183 16 128 242 243 255 255 251 243 249 108 100 36 26 239 158 17
176 255 223 97 96 0 0 99 0 0 12 111 240 231 159 127 254 121 192 33 12 99 32 10 0 194 22 8 0 100 60 231 25 39 158 56 198 154 199 28 231 216 131 56 0 4 128 165 18 229 243 255 255 255 251 243 253 111 118 62 159 143 25 16
176 251 255 255 231 195 1 3 0 0 29 255 243 207 63 254 253 255 255 127 12 195 48 14 199 115 7 4 49 110 252 227 127 255 125 163 8 36 138 24 132 16 16 33 187 94 210 151 154 237 242 243 249 254 255 135 225 120 97 32 26 7 17 16
128 123 207 225 233 192 65 7 6 206 17 224 121 231 12 98 110 249 3 0 0 2 244 127 255 239 255 255 255 137 48 194 8 1 12 112 254 59 135 156 119 255 255 127 255 115 24 199 36 138 58 213 255 255 251 67 208 254 22 158 229 0 128 192
0 64 24 143 239 223 127 30 24 56 97 128 127 255 253 239 119 159 56 192 67 159 247 125 158 7 198 92 246 249 225 199 15 60 252 251 255 31 113 222 121 37 32 33 32 64 16 254 255 159 239 255 255 67 232 10 80 254 1 128 120 62 24 0
95 196 56 254 31 32 222 168 249 49 98 16 128 156 255 254 255 255 157 16 128 236 14 128 0 20 24 123 236 211 195 239 127 255 254 255 159 4 178 220 246 253 79 58 128 0 4 255 255 255 199 195 249 253 111 3 1 124 191 255 151 205 157 191
254 255 231 113 112 64 0 0 128 195 15 255 240 255 15 55 223 112 196 185 239 243 24 14 128 0 1 194 24 99 28 227 24 35 204 126 215 17 192 86 223 25 19 49 16 34 109 153 217 101 50 51 153 253 255 255 65 16 64 0 16 136 221 59
180 255 223 227 96 0 0 0 192 198 29 239 241 231 191 255 254 251 227 33 14 227 0 0 0 16 25 227 24 111 60 227 25 103 188 241 254 27 231 220 231 16 3 25 128 0 0 153 217 101 114 115 153 252 254 255 87 76 102 36 18 237 157 63
20 64 31 2 160 27 34 88 255 254 125 7 0 4 177 237 127 219 1 0 64 216 134 54 80 132 32 227 142 31 15 4 115 238 30 145 222 19 67 76 49 103 180 255 221 31 0 136 65 0 245 246 251 6 168 110 219 124 126 186 0 243 243 243
244 255 255 255 243 64 0 0 129 198 13 247 240 207 63 254 252 247 255 255 158 227 16 14 128 0 0 192 24 35 60 227 59 111 60 227 28 119 142 16 132 16 2 0 0 0 0 153 201 32 114 243 31 68 206 220 166 249 97 32 16 0 64 192
148 255 255 255 1 0 0 0 192 192 1 239 240 199 31 255 253 255 255 247 31 227 0 4 0 0 0 98 8 99 60 227 25 39 60 227 61 255 255 57 198 0 3 0 0 0 4 137 255 175 114 243 31 68 220 253 255 125 96 32 0 0 64 64
75 254 255 159 17 32 227 188 32 1 18 156 241 223 255 255 255 255 221 17 134 0 8 201 244 31 142 28 114 248 109 163 63 127 252 251 223 61 211 24 195 136 64 140 228 24 0 129 223 39 64 243 255 93 78 6 217 255 100 54 155 0 16 0
255 135 241 61 50 226 125 128 128 163 71 126 246 0 254 255 255 255 253 243 143 255 24 12 128 0 0 64 0 99 142 40 34 254 252 255 255 253 243 156 247 0 2 32 0 0 4 0 192 96 176 247 251 125 126 62 248 239 118 32 0 0 0 192
180 27 215 239 39 0 0 65 0 198 77 239 127 219 124 171 41 255 251 111 12 193 16 14 65 129 2 132 24 255 254 255 239 253 251 255 255 255 255 25 198 16 0 0 40 84 0 0 192 228 251 213 254 255 255 255 251 127 118 36 0 32 0 128
240 255 231 241 76 128 0 0 128 128 9 254 124 195 222 255 127 96 252 47 44 128 0 12 128 0 0 98 0 96 60 227 127 255 254 111 0 128 250 122 198 0 0 0 0 24 0 0 0 96 50 179 57 4 41 255 239 125 125 36 24 0 196 255
180 123 199 105 96 64 0 0 0 128 13 239 112 243 253 47 31 112 192 33 12 128 0 12 0 0 23 110 16 96 24 225 28 255 255 255 255 253 195 24 196 128 3 17 0 224 159 0 128 96 48 49 249 253 255 255 255 108 64 0 128 189 8 8
252 255 239 243 249 64 0 0 129 198 31 255 255 255 254 243 239 127 228 49 207 235 56 14 129 1 33 194 57 255 252 255 255 253 243 223 199 188 251 255 255 252 211 57 59 7 40 191 255 239 219 255 110 243 125 163 249 255 255 62 159 143 153 51
254 255 255 255 3 0 128 97 97 195 15 255 240 207 255 255 255 255 253 127 142 97 0 2 64 144 8 65 0 99 124 231 59 255 255 191 127 252 251 63 198 16 129 40 136 230 255 191 24 196 242 243 255 255 255 247 41 72 100 36 26 79 0 130
252 255 239 241 112 64 0 0 129 198 31 255 255 255 254 243 143 127 228 49 143 243 56 14 193 1 33 194 57 255 252 255 255 223 243 158 247 28 243 255 255 253 211 57 59 7 0 191 255 175 130 249 124 183 185 51 121 254 255 127 159 207 153 51
255 255 255 255 19 32 128 224 96 193 15 255 241 207 255 255 255 255 255 255 142 224 8 139 224 147 10 111 56 97 60 227 59 255 255 255 255 252 243 95 199 152 195 41 0 224 255 255 62 15 194 243 255 255 255 247 249 124 100 36 19 9 128 207
180 123 207 235 239 192 0 0 131 0 4 234 112 255 255 255 127 255 184 33 12 195 48 12 0 224 127 255 121 0 48 227 63 255 254 251 255 159 131 24 198 16 3 0 16 17 0 192 231 43 66 243 251 29 106 42 223 104 100 36 18 132 220 125
180 255 255 227 225 192 1 3 135 134 0 224 240 239 191 247 158 251 199 33 12 195 48 4 0 0 16 128 65 135 60 227 25 239 189 180 190 123 199 24 198 16 19 48 3 23 232 253 12 198 118 115 251 255 255 83 144 106 64 36 16 128 80 0
244 255 255 243 96 64 0 0 129 198 31 255 255 255 255 247 159 127 236 49 142 227 16 14 128 0 1 194 57 239 252 247 255 255 247 156 231 220 243 156 247 220 211 61 185 167 3 154 223 239 115 113 120 190 51 179 253 108 118 62 159 239 157 59
252 255 255 243 96 64 0 0 128 198 31 255 240 195 31 127 254 251 231 55 142 227 16 12 128 0 0 192 25 111 60 227 24 3 0 97 28 251 207 24 198 24 3 49 0 166 7 0 216 239 50 49 24 4 0 76 190 75 100 54 27 205 157 63
180 88 91 32 233 223 54 95 91 22 108 40 0 237 253 239 127 223 104 32 1 27 86 32 223 31 0 192 229 19 5 132 63 255 254 255 255 191 99 136 160 68 29 32 0 2 97 1 200 32 192 243 191 4 0 8 158 111 4 0 0 0 0 218
252 255 231 240 120 64 0 0 128 194 31 255 248 243 143 50 222 253 247 55 15 195 0 12 128 0 0 64 8 103 60 225 0 129 252 255 255 255 247 223 231 0 3 33 0 6 103 0 136 101 50 49 128 124 254 124 95 77 254 37 16 8 9 250
176 17 0 0 236 223 60 127 95 36 252 237 127 57 228 137 39 8 0 192 99 255 247 127 255 95 64 192 33 71 254 127 4 252 255 255 255 255 35 134 57 254 188 98 2 6 0 128 203 237 63 196 255 255 255 255 251 124 2 154 116 0 80 112
192 255 255 247 192 128 1 103 103 78 25 241 241 255 255 247 158 123 198 49 14 66 32 66 103 251 255 191 123 236 112 227 223 255 255 255 166 24 195 24 199 152 211 157 255 255 218 70 190 139 114 115 25 44 48 31 147 104 118 37 139 231 255 37
244 255 239 255 97 64 0 1 129 194 13 255 241 199 31 119 252 241 255 63 12 195 16 0 1 224 127 175 57 100 60 227 253 39 20 66 125 255 206 25 198 16 19 25 187 249 255 126 18 197 242 251 13 65 252 13 0 234 255 37 26 239 239 207
248 255 255 247 96 192 128 231 231 4 12 249 241 255 255 255 191 255 252 57 14 2 32 0 3 250 252 251 123 71 112 227 191 127 255 253 255 159 243 30 199 0 16 140 207 155 0 196 231 171 114 243 185 237 54 242 7 72 254 53 136 239 127 127
244 255 255 243 225 192 0 0 0 0 28 255 241 255 159 119 158 113 228 61 12 195 0 0 0 115 127 111 48 64 48 227 25 39 159 124 70 216 202 26 198 0 3 8 179 27 152 239 115 141 114 119 9 32 55 191 255 121 116 36 0 239 63 16
244 255 239 251 225 192 0 1 0 0 12 255 240 199 31 127 253 113 196 57 12 195 16 12 0 99 127 46 48 100 56 227 25 39 84 123 220 145 195 94 198 0 19 17 179 241 152 231 19 205 242 127 15 64 102 174 223 124 101 36 0 175 52 0
252 255 231 249 96 64 0 65 193 198 13 255 240 255 255 55 140 127 255 63 12 195 0 0 65 240 127 239 57 35 48 227 255 191 71 4 37 252 255 59 198 16 147 25 187 255 120 255 251 9 50 115 89 174 17 240 46 75 100 37 2 229 246 5
244 255 255 225 0 0 0 64 192 192 1 239 240 255 255 247 223 121 228 33 14 225 0 0 0 144 24 231 120 3 16 227 25 191 255 56 6 24 250 126 199 16 3 8 136 241 255 255 127 8 98 115 219 158 35 3 120 255 111 36 18 239 239 79
132 255 239 227 129 0 1 103 231 78 0 224 240 231 223 127 190 113 196 57 14 96 0 0 0 240 253 255 107 204 48 231 185 103 159 125 68 144 251 127 198 0 209 156 223 25 0 129 231 235 114 243 31 4 37 161 125 223 111 36 138 227 18 16
244 255 239 251 32 0 0 64 193 194 13 255 240 255 223 119 157 125 214 49 14 227 0 0 64 144 24 33 8 103 60 227 223 191 23 0 4 92 255 125 199 24 131 24 152 23 0 129 0 224 114 115 93 135 129 193 36 1 64 37 2 225 125 49
180 255 239 243 225 64 0 0 195 198 29 239 240 255 255 127 156 113 196 33 12 0 0 0 0 24 24 32 0 39 124 231 191 255 31 28 132 208 203 63 230 0 1 156 192 159 7 0 0 224 114 243 187 38 1 0 184 239 247 39 139 239 63 33
252 255 255 247 96 0 0 0 0 128 13 255 240 199 191 255 188 113 196 49 14 227 0 12 128 19 0 0 0 99 60 227 25 103 30 24 4 16 194 124 198 0 0 160 0 6 2 0 201 228 114 115 27 4 5 3 0 222 255 37 0 46 59 50
123 253 175 80 16 32 128 242 235 215 46 115 233 255 151 17 128 96 230 191 255 251 251 135 0 0 0 96 0 247 125 247 223 7 147 78 247 251 244 215 255 255 255 57 12 7 33 185 255 255 255 127 69 251 255 255 15 20 191 255 55 201 221 59
244 255 255 227 96 192 64 0 0 128 13 238 240 199 255 255 255 255 253 43 14 227 48 12 128 3 0 64 0 231 60 227 25 127 252 225 14 16 194 24 199 0 2 33 0 6 0 152 73 228 114 243 187 4 0 2 0 200 101 32 0 40 57 50
180 255 255 239 224 192 0 0 128 130 29 239 241 199 63 255 253 255 207 35 14 195 48 12 128 1 0 66 24 35 60 227 25 39 28 32 4 16 194 24 198 0 2 49 0 2 0 129 65 0 112 243 191 7 0 11 0 200 101 0 0 40 25 48
180 255 255 231 225 193 3 15 143 158 61 6 0 199 255 255 191 255 192 33 12 195 48 14 135 97 224 194 159 63 5 132 59 255 255 255 255 221 243 28 132 0 18 49 3 2 0 137 201 16 229 247 255 255 251 243 255 108 102 32 16 0 80 112
252 255 255 247 113 64 0 0 128 194 13 255 241 199 191 255 255 255 255 55 12 195 0 12 0 0 0 0 0 0 48 227 59 255 60 129 31 62 206 24 198 16 3 32 0 4 0 225 249 0 114 243 255 7 0 8 0 72 101 32 16 12 24 0
244 255 255 227 0 0 0 0 128 0 0 255 241 239 255 255 255 255 255 51 14 225 0 12 0 2 0 0 0 2 48 227 63 255 252 179 159 255 239 24 198 0 3 32 0 22 194 241 249 128 114 243 255 7 0 64 134 105 97 32 18 0 16 16
240 255 255 227 64 128 0 0 0 0 0 248 240 255 255 255 255 255 255 51 14 130 0 12 128 3 4 8 32 3 48 227 63 255 255 183 191 252 255 24 199 0 3 32 32 22 226 253 43 137 114 243 255 183 1 0 148 239 97 36 16 0 17 18
160 255 239 227 225 192 1 6 135 4 28 238 241 231 255 255 191 255 228 33 12 227 48 12 135 99 229 78 1 108 124 227 255 255 255 191 255 252 235 28 198 0 18 49 18 32 189 175 18 239 242 255 255 179 1 0 184 255 101 36 0 8 153 26
176 255 239 243 225 192 1 3 3 6 28 255 241 247 255 255 191 253 244 49 12 195 48 14 131 99 103 14 1 108 124 227 255 255 247 31 207 156 251 24 198 16 18 49 35 96 156 39 146 237 242 255 111 179 1 0 152 255 101 32 0 8 153 24
95 132 255 183 51 35 128 233 249 113 102 63 163 0 58 222 184 227 140 113 140 225 30 131 64 160 28 33 0 2 206 111 34 72 40 129 8 2 12 96 4 16 142 208 8 129 198 48 249 237 255 141 166 131 129 193 36 255 169 186 62 136 8 9
207 255 231 187 176 32 128 128 239 203 22 179 192 215 255 255 255 255 212 177 206 255 254 255 128 0 241 251 235 205 49 199 24 124 252 251 223 31 211 0 7 16 242 177 16 227 255 255 127 159 127 71 163 12 2 0 215 111 126 255 8 128 255 65
255 191 255 241 48 0 128 227 97 67 6 121 240 227 255 255 255 255 231 49 140 227 60 175 65 160 240 255 121 229 24 227 24 255 255 183 191 30 131 24 166 216 255 255 9 224 255 255 63 255 95 71 251 14 0 0 214 107 36 190 7 200 123 0
252 191 231 241 112 64 0 0 128 194 13 255 255 255 255 51 143 120 196 49 140 227 16 14 0 0 16 0 24 103 188 227 255 255 231 28 198 16 195 24 198 16 3 49 0 167 103 24 201 229 242 251 125 191 49 3 1 64 247 33 18 136 137 187
244 255 255 111 0 0 0 0 224 198 13 255 240 255 255 255 255 255 253 49 14 225 0 0 128 176 27 163 24 239 124 231 63 255 255 255 255 60 243 28 231 0 209 189 255 255 251 0 128 239 247 247 251 253 63 51 209 124 118 54 155 195 215 103
244 255 255 243 97 0 0 0 128 194 29 255 241 239 255 255 191 251 236 49 14 193 0 4 0 0 25 162 24 111 124 227 255 255 255 191 239 24 227 156 231 152 3 25 185 247 127 16 216 239 247 243 251 191 51 35 145 108 102 36 27 205 133 191
252 255 255 247 97 64 0 0 129 194 15 255 240 207 255 255 191 255 252 49 14 129 0 0 0 0 0 226 8 239 124 231 63 255 255 255 239 28 243 24 199 0 3 0 128 179 47 8 200 239 247 247 187 124 127 39 145 108 118 54 27 205 223 127
244 255 239 227 224 192 0 1 129 0 12 239 240 231 255 255 255 255 196 33 14 227 48 14 131 3 0 0 0 0 60 227 63 255 255 255 255 255 243 31 231 0 2 32 49 246 199 32 0 239 247 255 255 247 255 255 255 255 118 54 16 164 255 127
180 251 255 231 227 193 1 0 0 0 12 238 243 255 255 247 255 255 253 33 12 195 48 12 128 3 4 72 32 252 252 231 255 255 255 255 255 255 255 28 231 16 3 49 48 102 7 4 218 239 247 255 255 243 248 253 250 255 127 54 18 0 217 251
160 255 255 255 247 193 1 7 2 4 60 255 247 255 255 255 159 127 254 113 12 195 48 12 6 67 70 12 33 124 252 231 255 255 255 191 255 255 247 28 198 16 19 49 34 231 151 62 1 229 247 247 255 255 249 251 255 255 127 54 18 128 201 255
252 255 255 255 241 64 0 0 129 198 31 255 241 199 31 255 253 247 255 63 142 227 16 12 128 0 0 192 8 103 124 227 25 39 20 225 29 247 222 24 199 16 3 32 0 0 4 0 200 239 119 83 25 76 206 252 135 65 64 36 18 0 88 248
244 255 255 247 33 0 0 0 192 194 31 255 241 239 191 255 255 255 255 255 159 227 0 6 0 0 0 96 8 35 124 227 25 111 188 160 63 255 255 255 199 24 3 48 0 2 0 0 192 239 119 83 155 12 202 220 254 223 100 52 26 0 0 176
244 255 255 255 32 0 0 0 128 192 5 255 241 207 63 255 253 255 255 255 30 227 0 12 0 0 0 0 0 239 252 231 59 239 124 227 61 255 255 127 199 24 3 32 0 6 0 0 216 239 255 215 247 16 200 252 126 223 101 52 26 0 0 176
248 255 239 241 240 224 0 0 0 199 31 255 249 255 223 119 159 125 228 49 142 195 56 14 131 1 3 132 25 103 124 231 255 255 223 158 255 254 255 63 231 16 19 49 48 102 19 154 1 229 119 115 249 255 255 247 248 254 255 55 26 8 153 186
248 255 255 241 240 192 0 0 0 134 31 255 240 239 159 247 255 255 255 63 14 195 48 12 128 1 2 4 25 111 124 231 255 255 255 143 127 254 254 255 231 144 3 49 48 102 87 18 201 239 119 243 249 255 255 241 120 255 255 55 27 8 217 250
180 255 239 235 96 64 0 0 129 194 29 255 241 255 255 119 159 117 244 41 14 227 48 14 129 0 1 130 24 103 124 227 157 255 255 255 231 220 251 127 231 24 19 49 16 38 11 152 201 237 119 83 1 252 255 191 121 92 255 55 26 8 153 50
240 255 255 247 224 192 0 0 128 128 29 255 241 255 255 255 255 255 255 63 14 195 0 12 128 1 0 0 0 100 124 227 27 47 180 224 127 63 246 24 199 0 3 32 0 0 230 33 152 237 247 255 143 65 192 252 239 105 100 36 26 12 25 26
252 255 255 247 127 0 0 0 128 128 15 255 240 207 191 254 251 99 132 49 12 195 0 0 0 0 0 96 0 103 124 231 25 47 188 249 218 3 131 24 198 144 3 57 0 2 33 1 192 229 119 119 1 72 254 255 223 124 254 53 27 141 25 58
254 191 231 255 255 230 0 1 0 199 255 255 255 255 110 48 128 70 255 255 255 255 63 142 129 1 0 128 57 255 252 251 255 159 3 0 0 64 28 227 143 27 151 49 51 7 0 154 219 239 247 255 255 179 1 209 101 177 251 251 62 140 145 187
254 191 255 255 247 231 0 0 129 199 127 255 255 223 46 48 128 71 255 255 255 255 63 142 129 1 1 128 57 255 254 255 255 159 3 0 0 98 156 227 143 27 151 49 51 7 0 154 223 255 255 255 127 131 129 193 36 145 249 249 30 136 145 179
252 255 239 113 0 0 0 64 0 198 31 255 255 255 254 255 143 120 196 49 14 227 16 15 0 1 18 132 24 103 124 227 13 31 255 127 199 16 194 220 255 255 215 61 32 4 0 0 218 239 254 255 255 245 255 7 1 8 223 255 255 207 157 59
248 255 239 97 96 192 0 99 0 6 31 255 253 255 255 247 255 127 228 33 12 67 48 8 3 83 2 0 16 110 252 255 127 255 254 155 255 31 227 24 231 220 211 63 163 231 7 0 216 239 247 211 241 255 255 255 147 108 246 255 255 207 157 43
252 255 239 255 119 64 0 0 128 198 31 255 240 195 14 254 249 229 253 255 255 227 48 14 128 1 3 198 25 111 252 255 125 225 16 195 121 255 255 127 207 152 147 57 48 230 127 154 219 239 255 223 4 80 204 76 126 199 96 36 27 141 137 2
180 255 207 227 224 192 97 1 167 142 12 226 240 255 255 127 159 125 224 33 14 131 176 77 183 27 0 192 9 239 60 227 25 63 223 60 231 222 255 255 247 156 243 189 255 31 0 255 255 255 119 115 155 12 240 253 63 77 102 182 27 0 81 114
255 191 255 255 115 0 128 65 64 64 15 255 247 207 62 242 253 243 205 115 140 227 0 138 193 19 0 0 48 99 188 227 75 143 116 255 221 49 131 16 198 24 3 0 185 22 0 191 255 239 50 49 224 253 111 6 217 254 127 62 27 5 16 176
248 255 255 243 112 224 128 3 0 0 31 255 249 255 255 255 255 123 196 49 140 131 48 136 131 19 6 4 16 110 252 231 127 255 255 191 255 191 195 28 231 152 19 40 34 230 87 0 136 239 255 215 243 254 255 247 249 108 118 63 255 207 159 63
252 255 255 247 243 1 128 199 67 79 63 255 177 207 191 255 188 243 204 113 254 227 0 128 67 241 8 0 0 126 252 239 27 237 191 189 204 144 193 150 255 27 3 0 171 23 0 145 217 229 251 213 242 15 35 163 255 55 90 255 26 0 16 240
176 123 199 224 232 221 123 3 0 142 13 230 253 255 253 39 7 28 114 44 1 155 252 127 159 15 0 192 123 239 52 227 223 255 255 158 247 254 255 159 97 68 240 247 115 14 0 153 205 239 114 243 255 247 249 255 255 124 127 54 0 32 113 16
240 255 255 255 97 128 0 2 2 198 9 102 240 199 31 119 220 241 207 63 30 227 32 0 0 0 0 96 0 0 124 231 255 255 63 143 124 254 207 63 199 24 3 0 0 224 247 56 0 238 247 255 255 247 185 243 184 74 96 36 27 12 0 204
233 255 255 243 249 160 129 2 0 0 30 255 255 255 255 255 143 121 132 49 207 227 40 12 2 3 6 12 32 236 252 255 255 255 247 159 231 24 227 148 255 19 3 32 32 70 247 0 128 239 247 243 96 250 255 183 217 60 126 47 26 0 0 202
240 255 239 243 96 128 0 0 0 128 13 255 241 255 223 119 156 113 196 49 12 195 32 12 0 1 2 4 16 102 60 227 255 39 151 92 230 220 239 63 198 16 147 57 48 231 255 18 152 229 242 255 13 227 53 176 252 239 102 36 26 201 137 255
244 191 199 225 0 0 64 99 99 66 4 233 112 195 254 255 255 255 253 33 12 0 0 0 96 248 255 191 96 64 0 195 63 255 252 255 255 255 255 28 231 128 1 0 205 25 128 197 0 192 247 255 255 247 249 241 253 111 118 54 155 71 6 4
244 255 255 247 225 192 0 67 199 70 12 249 240 239 31 246 220 97 253 255 255 227 16 0 0 224 253 255 107 196 48 227 255 167 54 206 116 241 252 119 198 16 19 16 0 129 4 128 193 255 119 115 93 247 249 255 8 208 233 36 18 0 0 253
128 123 223 239 231 193 3 15 6 158 25 224 247 255 255 255 191 255 255 229 14 195 32 8 6 225 255 63 67 8 240 231 255 255 255 159 255 252 243 95 231 0 0 0 187 93 144 1 0 239 247 255 255 247 249 179 249 124 255 54 26 0 68 196
244 255 255 255 96 0 0 0 128 194 31 255 247 255 127 243 140 127 255 255 159 227 0 12 128 0 0 0 24 111 252 255 255 191 243 207 127 255 254 187 239 154 3 33 0 230 71 24 219 239 243 255 108 243 255 255 239 9 68 166 27 12 129 170
180 123 199 225 32 192 113 0 0 128 29 238 120 247 141 103 95 125 227 32 0 163 52 109 191 31 0 0 24 239 60 247 253 247 255 255 255 255 247 31 98 0 80 163 48 70 251 255 255 159 199 227 255 247 255 255 251 254 119 54 136 111 191 18
244 255 239 243 225 192 0 0 128 134 29 255 240 247 223 119 158 121 230 49 14 195 48 14 128 0 17 162 25 103 60 227 221 183 151 28 230 24 194 24 198 16 19 49 16 231 255 26 218 237 118 115 249 175 49 2 129 252 245 36 26 205 157 191
252 255 239 241 96 192 0 3 131 6 30 255 255 255 255 255 143 120 196 49 12 227 48 79 195 99 101 136 0 100 252 227 159 127 255 255 239 157 195 24 231 152 211 53 51 230 199 0 218 229 50 49 24 12 34 190 223 105 100 182 27 8 128 171
4 0 0 8 4 20 124 120 253 240 224 129 111 254 225 1 0 4 210 204 119 60 131 1 56 28 24 96 4 3 244 255 255 255 247 159 247 252 251 191 255 252 99 8 132 0 0 129 253 255 255 255 255 255 251 243 249 255 254 255 191 207 29 16
244 255 255 247 243 64 0 0 128 198 29 255 241 207 63 254 248 227 140 123 140 227 0 12 0 0 16 128 24 239 124 231 25 111 60 255 88 1 130 24 198 16 3 0 0 228 111 16 218 239 255 223 247 255 255 179 249 122 124 54 18 0 204 239
4 98 12 129 128 31 127 124 60 0 48 136 109 254 249 239 63 255 248 201 127 60 192 65 252 187 159 28 0 216 233 239 255 255 255 255 255 252 243 223 255 253 227 159 255 255 210 36 18 239 247 247 255 255 251 243 249 28 126 39 155 199 255 119
0 115 142 193 200 223 127 127 14 0 248 204 127 255 255 255 63 127 248 225 111 127 240 75 255 251 198 8 32 124 252 231 255 255 255 255 255 220 243 158 255 156 240 173 255 78 130 0 130 225 243 247 255 255 255 191 249 124 126 36 128 99 51 48
255 191 96 56 244 63 136 211 65 67 158 255 254 255 255 23 135 127 255 255 191 255 217 130 89 240 126 237 0 100 24 225 159 255 255 4 39 92 120 225 133 20 177 8 171 159 128 239 115 4 114 119 155 34 145 219 231 251 249 254 63 207 31 21
244 255 239 243 225 64 0 1 193 198 13 239 240 255 255 255 191 125 196 49 14 227 16 4 129 32 25 128 8 239 60 227 191 63 214 16 135 156 255 62 198 16 3 0 0 224 255 0 152 239 119 115 249 239 243 227 249 76 254 37 18 128 204 207
244 255 255 239 96 64 0 1 129 0 28 255 241 199 31 119 220 113 255 47 12 1 0 0 195 27 0 64 0 100 60 227 25 39 20 64 20 247 206 59 198 0 1 0 0 0 0 0 192 101 114 115 25 205 198 252 254 235 100 36 154 111 31 48
235 255 239 251 16 32 0 0 128 223 191 255 253 119 14 16 128 112 135 53 254 224 8 12 128 0 0 64 0 35 252 127 128 133 91 126 244 245 219 127 255 1 2 32 0 6 0 137 201 228 59 29 246 255 251 243 125 4 66 230 16 8 16 16
240 255 255 243 96 192 0 67 67 70 28 255 249 231 190 255 254 255 199 33 12 195 48 2 195 243 31 128 57 102 60 227 255 239 148 16 134 24 195 24 230 152 3 0 187 247 255 22 138 229 242 251 45 2 1 0 144 106 100 182 159 79 132 191
180 123 207 0 96 80 32 115 0 0 13 239 121 255 255 255 255 255 240 33 15 243 0 8 81 243 127 45 16 96 56 227 255 255 255 255 255 253 243 159 247 28 3 0 32 240 255 126 51 133 247 247 255 255 255 247 249 254 127 54 18 4 196 205
244 255 239 243 96 0 0 64 192 198 31 255 249 255 255 127 159 121 228 57 143 227 16 14 0 0 0 0 0 239 124 227 29 55 223 60 6 156 251 255 255 153 3 48 0 160 239 25 218 239 50 115 153 12 33 139 120 255 111 38 27 12 0 136
244 255 255 243 224 192 0 0 0 0 13 255 241 255 255 255 191 255 255 49 14 195 0 8 0 115 31 174 57 103 60 227 255 255 245 129 255 127 247 127 198 16 3 0 0 240 255 63 2 237 242 255 109 243 255 95 17 220 255 37 26 0 192 207
255 255 239 49 112 240 160 128 195 199 31 255 249 231 255 255 191 253 228 49 130 147 252 239 243 109 225 255 123 109 48 193 25 127 222 185 255 255 255 31 103 220 242 247 127 227 255 126 63 159 70 35 1 240 255 255 255 124 127 62 157 0 193 207
252 255 231 241 248 192 0 1 129 130 30 255 255 255 222 115 143 96 132 57 239 251 63 14 129 98 119 174 8 108 252 255 207 157 211 28 194 0 0 192 158 255 159 57 51 167 248 1 146 237 63 29 4 0 33 3 1 0 128 201 127 221 157 59
251 255 231 81 240 240 249 130 2 143 159 254 253 255 255 247 159 60 228 48 134 130 248 253 183 79 224 198 59 111 124 231 223 191 247 255 255 255 247 159 243 204 112 191 119 238 255 63 26 69 50 49 248 255 255 247 249 124 254 63 129 0 193 194
252 255 239 241 253 224 0 1 129 130 30 255 255 255 254 115 143 96 164 185 239 255 59 14 129 96 119 174 8 108 252 255 207 29 243 28 64 0 128 192 159 255 223 57 17 161 216 1 146 237 63 25 4 0 33 3 1 0 136 201 255 221 157 1
244 255 255 247 97 192 0 0 128 130 29 255 241 207 191 255 254 255 255 63 14 195 48 14 128 0 17 98 24 103 60 227 27 239 61 160 4 120 254 121 198 16 19 49 0 224 255 187 8 229 242 127 235 255 131 1 0 72 228 37 18 136 9 0
52 0 16 4 0 18 100 121 249 242 224 1 0 8 241 207 127 255 248 65 14 124 212 115 121 172 56 115 196 0 131 76 55 255 254 255 255 191 243 158 39 92 240 255 221 11 0 225 97 0 225 241 251 255 255 255 251 108 102 182 13 0 82 112
244 255 255 255 96 64 0 65 195 198 30 255 243 223 63 243 255 255 253 63 14 227 48 6 0 224 127 239 0 108 124 227 9 141 252 227 255 255 255 127 231 152 147 25 1 225 156 32 210 239 62 63 0 80 254 12 8 222 255 255 27 141 136 137
240 255 255 255 97 192 0 67 2 0 30 255 241 207 63 127 156 255 207 53 14 227 0 0 3 243 127 12 49 236 124 231 153 255 63 36 4 80 254 125 231 152 3 8 163 80 16 190 255 239 50 1 0 0 6 12 254 255 255 127 27 77 4 180
252 191 255 255 112 64 0 1 193 199 255 255 255 65 62 249 255 255 253 115 142 227 16 6 0 32 48 227 25 255 190 41 0 0 248 251 223 61 211 24 231 24 19 49 0 0 0 155 219 127 8 0 0 76 254 47 131 124 255 63 18 136 24 16
240 255 255 247 241 192 0 0 0 0 29 255 240 199 255 255 191 243 204 121 174 227 48 14 128 3 0 78 56 239 125 231 25 127 255 189 206 152 243 255 255 17 3 49 48 6 48 159 223 255 127 65 224 239 51 35 120 255 255 36 18 8 17 18
252 255 231 96 96 64 0 65 193 198 159 255 255 255 254 63 142 120 228 49 15 227 16 14 0 0 32 227 25 111 252 239 175 29 131 0 6 254 255 255 255 156 147 57 0 2 32 1 200 229 255 63 4 0 0 248 254 223 102 38 27 141 25 16
248 255 239 97 0 0 64 32 0 0 13 255 255 255 255 247 223 121 196 33 12 227 0 0 0 0 0 0 0 103 60 227 255 255 247 26 134 24 203 28 231 152 195 57 0 0 4 144 219 229 114 243 121 6 0 0 0 255 255 63 159 205 25 56
148 123 207 227 233 73 0 0 199 222 61 39 128 255 255 255 191 127 224 241 207 255 55 14 129 32 241 231 223 255 61 132 31 127 254 184 207 30 225 128 255 63 151 49 17 225 61 139 201 247 85 66 17 12 0 14 2 0 210 255 18 140 137 0
148 122 223 39 0 0 0 64 239 192 20 235 115 198 188 239 126 251 192 33 14 64 0 0 0 128 184 251 255 255 255 239 59 109 190 251 142 16 227 252 247 253 195 61 136 129 40 157 255 255 255 255 239 211 39 3 249 255 127 62 255 207 29 25
255 253 111 48 240 249 179 145 129 135 15 254 249 255 255 255 255 125 244 49 131 251 252 140 17 96 127 174 25 100 124 231 127 255 255 255 255 253 243 158 161 4 50 16 179 253 223 118 59 128 115 115 9 8 46 60 159 109 100 54 223 255 255 255
107 247 166 16 208 188 255 150 2 5 27 220 252 255 223 247 255 24 100 144 227 26 232 200 255 255 223 30 115 252 61 167 255 255 247 154 215 158 243 222 251 132 32 0 226 24 0 128 255 39 64 242 125 151 184 43 217 12 64 0 16 36 116 48
128 59 223 255 239 207 15 0 0 0 24 238 115 255 253 238 19 0 0 240 127 207 51 28 134 3 6 12 58 239 60 163 255 255 247 28 192 0 0 192 156 35 23 57 50 71 123 191 95 255 55 83 25 164 39 163 249 183 26 168 58 175 25 2
244 255 239 255 97 64 0 0 128 194 13 255 240 199 31 119 156 113 222 63 12 195 0 4 128 0 0 226 24 103 60 227 153 39 20 0 4 211 222 123 198 0 3 33 0 226 255 187 152 101 114 243 31 6 128 220 110 219 101 36 26 207 255 255
244 255 239 255 97 64 0 0 128 198 13 255 240 199 31 119 156 113 223 63 12 195 48 14 128 1 0 192 24 103 60 227 25 39 28 32 4 115 222 123 198 0 2 32 0 230 255 191 26 101 114 243 31 4 0 252 103 217 101 36 26 207 255 255
180 59 3 224 239 79 16 0 128 128 140 239 127 113 128 0 0 0 0 8 96 207 71 60 136 39 31 0 0 0 8 113 192 211 143 62 192 128 11 111 56 113 15 83 177 119 130 0 0 0 48 177 255 255 49 179 249 255 255 26 94 221 223 32
20 0 16 4 15 15 30 8 248 250 225 3 15 0 224 200 115 143 57 206 127 204 67 87 8 0 0 64 140 179 239 126 119 252 251 255 255 255 179 151 94 184 194 53 0 7 0 153 201 255 223 204 230 255 255 255 255 124 114 36 0 0 81 48
180 255 239 239 0 0 64 0 0 0 0 224 240 255 31 119 156 113 198 33 12 224 0 0 0 19 8 88 96 1 16 227 25 39 29 116 244 83 199 24 198 24 3 0 128 18 0 193 255 111 0 115 155 12 254 255 223 108 100 36 16 100 253 255
223 143 32 56 188 62 136 209 81 235 215 255 255 255 227 17 129 4 20 189 251 93 95 146 217 189 42 199 123 255 252 255 255 255 243 158 231 196 48 71 28 49 184 202 255 31 0 128 193 231 243 251 255 255 185 179 249 127 126 186 255 119 18 48
244 255 255 247 32 64 0 0 0 0 4 255 240 239 191 255 254 255 239 51 14 227 16 14 193 227 63 143 56 96 56 227 59 255 253 247 191 255 239 29 198 24 3 0 57 245 22 0 130 160 114 243 255 255 223 241 252 239 100 36 16 0 128 228
244 255 239 251 225 192 0 1 0 2 13 255 241 247 95 119 221 125 247 55 12 195 16 12 1 225 31 128 16 102 60 227 221 183 213 126 247 125 194 24 198 16 3 0 187 31 80 129 128 229 242 127 77 249 255 255 129 72 100 37 0 0 112 0
244 255 255 243 240 192 0 3 195 2 12 255 241 255 255 255 191 255 252 49 12 195 16 0 1 50 32 0 0 0 60 227 63 255 255 255 255 157 243 28 198 144 147 189 251 31 128 161 144 228 114 243 251 255 255 183 249 254 101 36 2 192 255 115
75 130 60 151 146 251 255 156 190 57 254 254 191 78 34 176 196 155 239 94 128 190 255 255 191 15 0 64 47 255 255 189 255 139 32 130 16 50 14 128 59 71 100 163 20 30 0 129 203 255 255 255 111 243 201 193 229 187 221 75 72 0 16 48
240 255 255 255 225 192 0 67 3 0 12 255 240 223 63 247 253 247 205 49 12 195 0 0 0 224 127 44 0 100 56 227 255 191 244 255 149 17 194 24 198 0 3 0 131 25 0 165 1 229 242 127 233 249 255 15 1 72 253 37 16 0 84 84
244 255 255 243 225 64 0 0 128 128 13 239 240 255 159 247 223 127 229 49 12 195 16 14 129 3 3 198 57 103 60 227 223 191 246 255 255 255 227 24 198 16 147 49 48 98 63 158 219 237 114 115 249 255 255 54 217 108 100 36 18 47 137 34
244 255 255 243 97 192 0 0 0 0 12 255 240 199 31 119 254 249 239 63 12 195 0 8 0 0 16 0 0 2 60 227 251 239 247 255 126 120 226 91 198 0 3 0 0 23 2 0 193 237 247 251 255 127 249 191 251 120 124 36 0 128 125 255
176 59 195 64 96 216 112 2 0 132 221 239 126 115 236 171 127 254 225 0 0 147 244 109 147 71 67 206 57 111 60 161 36 255 255 255 255 255 243 28 32 196 122 247 50 102 56 191 219 101 16 242 255 255 255 255 249 126 118 18 196 186 187 50
180 121 223 99 32 64 0 65 0 194 13 111 112 193 5 102 124 241 195 39 12 227 48 79 227 27 0 196 56 231 28 103 0 0 0 64 0 3 140 16 70 152 217 37 32 6 0 136 219 101 48 0 16 12 6 12 0 195 241 21 223 63 0 160
244 191 231 233 96 64 0 0 128 198 13 255 240 255 255 255 159 124 244 33 12 227 48 14 128 225 31 166 25 102 60 227 255 127 247 29 199 28 243 126 198 152 147 57 187 247 255 62 26 133 114 243 25 36 37 39 121 254 255 36 155 205 141 255
248 191 231 249 96 192 0 2 0 132 31 255 255 255 255 255 159 127 254 63 14 227 48 14 131 227 23 4 16 102 60 227 255 255 247 140 7 252 255 127 199 24 147 49 51 229 255 50 24 229 242 255 105 186 7 177 252 255 100 36 18 205 205 15
248 191 231 253 96 192 0 3 0 134 31 255 255 255 255 243 143 127 255 63 14 227 48 14 131 99 23 4 0 100 60 227 255 191 247 132 39 252 255 63 199 24 147 49 51 229 255 50 24 229 242 127 105 187 19 208 252 207 100 36 18 205 205 11
0 120 223 239 3 0 0 127 255 254 61 1 0 135 125 239 125 243 216 111 14 96 0 2 0 128 248 127 135 1 1 196 25 255 63 161 12 16 206 56 198 24 131 24 0 128 188 201 32 0 103 243 251 255 255 195 1 64 64 0 255 255 63 8
244 255 239 243 225 192 0 1 129 198 29 255 241 231 159 119 158 113 196 57 110 227 48 12 129 1 0 0 0 111 124 227 253 255 255 63 68 144 249 255 255 25 19 32 0 6 103 16 216 239 247 255 255 243 249 163 41 20 255 37 18 12 1 0
20 64 223 7 1 65 103 61 253 250 100 0 1 206 189 255 127 243 0 0 0 32 134 113 32 172 185 127 132 16 1 0 1 110 254 255 223 17 195 28 32 236 122 223 197 233 255 109 32 92 15 66 147 12 110 46 219 124 118 22 239 251 255 79
20 72 93 175 3 0 64 125 253 250 117 161 67 254 253 239 63 255 128 32 76 97 150 119 245 252 191 191 206 16 224 198 191 255 255 255 255 221 131 28 22 252 255 255 253 233 255 126 54 128 247 247 9 0 4 60 255 111 38 158 255 255 255 127
4 34 4 173 239 223 63 0 128 186 209 6 16 0 8 44 112 132 59 206 113 141 87 124 140 1 3 2 154 171 47 28 32 96 8 227 123 239 127 255 8 96 26 243 48 103 123 187 221 126 205 206 255 255 251 243 121 92 238 1 192 191 191 50
20 64 0 14 7 87 127 0 185 186 245 175 63 28 0 192 65 183 251 206 16 132 0 4 128 16 0 226 12 59 206 16 68 0 0 192 49 255 255 191 255 131 3 32 0 18 0 136 217 116 12 14 4 0 204 220 46 191 255 39 0 32 125 114
4 120 15 0 160 217 115 28 8 158 49 4 8 231 253 111 63 253 242 161 15 24 192 0 24 249 255 255 255 255 115 135 25 118 252 253 255 255 255 255 255 159 35 0 0 240 253 223 190 255 207 70 163 108 118 28 16 8 206 239 27 0 192 205
128 123 15 129 232 223 63 4 134 140 16 194 120 255 253 111 22 25 0 0 0 0 230 124 158 79 229 126 107 141 48 231 25 255 255 61 231 220 111 159 113 224 32 135 80 232 255 255 127 159 67 65 153 44 255 255 255 125 255 63 128 34 162 207
240 255 239 243 225 0 0 66 64 64 12 255 241 255 223 119 159 125 244 57 15 227 0 0 0 144 30 169 57 103 60 227 255 255 247 159 247 252 255 127 198 16 3 0 136 17 0 129 203 161 242 255 239 243 57 241 125 93 255 37 18 192 125 127
240 255 239 251 96 192 0 0 0 128 13 255 240 255 255 255 255 255 252 49 12 227 48 14 130 3 2 70 16 32 60 227 63 255 255 185 255 255 207 24 198 16 3 33 0 96 255 35 0 228 114 243 255 255 187 240 190 111 100 36 16 8 221 255
244 255 239 255 239 0 0 65 64 64 29 255 241 255 255 246 153 111 191 191 12 195 0 0 0 160 62 111 0 100 60 227 255 255 247 159 251 239 191 127 198 16 3 0 128 145 4 0 219 160 242 255 109 251 249 241 63 221 255 37 18 196 125 125
244 255 255 255 225 0 0 65 195 198 28 255 241 207 127 255 255 255 255 63 12 195 0 0 0 240 57 163 41 103 60 227 255 255 244 231 63 127 246 123 198 16 3 24 187 191 10 0 218 161 242 255 239 243 248 95 2 72 228 37 0 225 255 127
148 43 213 175 0 0 64 97 245 238 5 1 0 155 109 175 125 246 217 47 12 0 0 67 96 248 187 51 128 136 13 4 16 34 4 128 4 19 198 24 70 152 249 223 255 13 128 1 128 254 95 78 159 247 7 240 253 255 126 53 207 195 18 209
148 0 208 239 7 0 0 64 240 254 65 3 0 8 1 4 16 226 155 239 60 0 0 70 224 184 251 255 220 0 195 254 255 255 127 143 121 230 223 127 206 152 211 255 253 169 248 129 164 254 255 211 97 190 187 240 46 3 0 4 239 127 128 145
160 123 223 239 224 192 1 0 0 128 9 206 112 195 13 111 124 247 195 3 0 130 4 44 128 21 31 4 24 102 12 0 0 34 12 96 28 115 15 8 0 64 15 255 242 95 82 146 255 191 78 127 159 3 0 72 134 107 0 128 102 17 128 241
240 255 239 255 225 128 0 67 2 70 29 255 240 199 31 255 255 255 197 49 12 195 48 10 67 17 64 196 57 103 60 227 127 255 252 251 255 255 247 28 198 16 3 32 2 66 7 0 192 229 114 243 255 247 248 123 145 108 119 36 18 12 93 255
20 104 77 175 1 0 0 96 253 254 1 1 0 128 253 111 60 241 130 1 12 224 0 3 96 128 25 33 200 3 0 128 191 255 255 191 239 0 131 16 246 254 255 127 220 167 66 0 160 48 68 243 251 36 49 187 223 124 63 30 131 169 128 161
4 64 0 8 12 4 0 64 252 192 128 3 12 240 253 239 63 253 248 201 47 236 64 7 192 0 0 99 136 3 4 0 0 252 255 255 239 12 144 0 6 158 207 125 28 167 235 9 0 64 124 247 187 124 255 191 129 0 0 255 191 255 157 27
132 34 0 0 8 0 64 0 253 192 0 0 64 128 249 239 63 252 128 1 12 224 6 4 128 0 153 123 200 1 0 64 0 0 252 249 207 3 131 0 182 90 199 251 148 35 40 1 164 250 127 255 159 69 228 15 3 0 1 250 34 1 128 0
0 122 14 193 201 153 123 30 142 156 49 192 121 255 221 103 6 25 98 0 115 8 240 127 190 15 0 64 127 159 116 231 255 7 147 92 230 223 111 151 0 236 254 255 0 102 127 254 255 11 64 57 12 224 118 52 184 255 255 30 197 59 9 2
48 64 128 14 7 4 72 122 104 112 225 5 23 28 112 206 125 255 251 207 12 4 0 0 96 153 8 0 0 50 12 32 5 126 252 231 61 253 255 57 0 0 0 204 236 30 0 128 1 64 16 48 249 125 2 240 254 67 0 128 111 18 66 244
20 0 223 39 3 2 68 0 128 128 1 2 0 128 49 239 124 255 11 0 0 224 6 63 225 31 3 2 216 2 1 0 58 255 189 183 156 48 195 28 247 251 241 191 60 230 255 126 44 255 215 231 255 255 159 3 17 252 255 47 0 32 128 130
132 3 95 5 0 0 64 112 244 232 64 3 66 202 41 231 126 250 193 1 14 240 6 1 0 128 24 99 8 131 140 34 0 232 172 243 132 16 203 124 247 253 235 59 4 225 239 0 0 96 56 0 242 255 239 131 17 92 143 254 191 205 205 207
148 123 223 239 1 0 0 111 255 222 124 235 1 207 61 239 28 243 202 239 127 99 0 0 101 240 248 235 175 253 255 165 19 252 255 191 124 80 192 83 199 152 243 189 207 169 45 8 222 183 77 68 243 254 63 19 249 255 255 127 130 239 255 47
244 255 239 243 96 64 0 65 65 194 13 255 241 247 255 127 159 125 244 49 14 227 0 0 193 177 40 128 24 103 60 227 29 255 255 63 239 28 243 94 198 0 0 136 169 30 0 128 65 128 114 243 251 62 59 179 249 124 100 36 26 39 16 176
20 0 223 15 163 211 103 29 0 48 101 12 51 0 48 236 124 243 203 98 6 179 6 8 16 51 190 124 180 248 255 255 123 109 48 243 156 51 199 28 243 4 51 184 32 224 255 254 255 255 255 223 231 83 200 79 19 76 254 127 255 95 8 0
244 255 255 247 96 64 0 0 195 198 12 255 241 199 255 255 255 251 196 49 12 193 0 4 128 0 0 98 0 0 60 227 59 255 255 255 255 24 195 28 198 0 0 185 145 31 0 129 1 192 114 243 251 125 123 179 217 124 102 36 8 2 16 48
240 255 255 255 225 192 0 2 0 0 13 255 240 223 255 255 255 255 223 49 12 195 0 8 2 19 6 0 0 100 60 227 63 255 252 255 255 31 211 24 198 0 1 168 32 6 192 183 17 229 114 243 185 252 255 118 149 108 100 36 0 40 16 16
176 1 223 7 0 16 96 127 114 0 124 237 127 73 36 225 108 48 192 64 110 48 128 1 112 250 30 8 49 118 158 153 239 207 39 27 4 176 203 190 255 255 103 12 239 221 2 0 128 117 16 128 121 158 35 1 0 134 215 255 255 197 223 255
0 0 156 143 7 2 71 124 255 254 252 143 3 14 124 237 127 255 251 195 14 96 224 119 254 140 128 1 143 255 239 140 51 252 255 255 255 255 243 28 6 156 232 247 12 6 99 153 217 119 205 198 251 127 10 0 156 239 119 20 205 24 0 0
244 255 239 255 224 0 0 65 193 194 28 255 240 255 95 119 157 117 255 63 12 195 16 6 65 0 0 65 0 101 60 227 223 183 23 0 4 246 254 127 198 16 147 57 25 231 239 8 0 192 242 255 239 243 185 241 108 223 255 37 18 128 201 239
240 255 255 247 225 0 0 0 128 192 29 255 241 255 255 255 159 127 252 61 14 227 0 4 0 0 25 98 56 239 124 227 255 255 247 157 71 252 255 63 199 16 3 17 0 225 111 24 218 229 242 255 255 163 249 249 255 255 126 36 18 141 140 143
244 255 255 247 225 0 0 0 128 192 29 255 241 255 255 255 159 127 252 61 14 195 0 4 0 0 17 98 56 239 124 227 255 255 247 141 71 252 255 63 199 16 3 16 0 225 111 24 202 229 242 255 255 163 249 249 255 255 126 36 18 141 140 143
180 89 195 47 0 0 0 0 128 128 1 46 112 223 117 7 12 112 218 239 126 224 0 14 128 1 23 127 120 97 0 227 255 255 15 0 0 2 128 96 198 19 3 1 48 241 29 2 246 171 66 243 95 6 128 251 255 115 88 172 58 205 223 255
244 255 239 243 241 192 0 0 128 134 29 255 241 255 255 119 159 121 196 49 142 195 0 12 0 0 16 224 24 103 60 227 255 255 247 30 198 16 243 127 198 16 3 0 0 240 39 8 216 229 242 255 239 179 185 243 253 255 127 36 18 140 140 239
180 123 223 239 227 64 0 103 239 78 12 225 96 199 125 239 61 247 218 45 12 67 16 2 65 224 252 177 227 206 29 128 25 255 127 45 0 0 202 120 230 16 146 152 203 29 0 128 255 191 197 247 255 7 1 128 255 3 68 103 155 239 127 63
148 123 223 231 33 64 0 111 103 78 60 239 32 199 29 239 126 251 129 33 12 97 48 99 103 255 228 205 183 127 53 129 0 38 28 243 254 51 131 24 102 216 217 255 79 0 0 128 235 49 255 255 159 64 236 110 147 108 36 254 167 0 0 176
180 59 223 239 39 0 0 65 0 194 29 239 115 195 4 32 104 231 139 39 12 225 0 10 64 241 127 175 24 108 60 251 64 1 0 128 185 103 143 16 198 16 211 253 255 255 255 255 26 197 186 29 4 131 200 92 134 65 64 32 203 243 226 223
0 122 223 239 231 131 3 127 255 0 252 233 33 79 125 239 125 255 251 231 127 255 51 3 71 226 255 191 167 92 251 255 255 255 119 131 255 255 245 135 159 62 3 0 143 241 255 126 62 1 192 241 104 190 250 127 2 0 129 193 50 4 0 205
52 72 223 231 227 91 6 9 223 254 109 35 1 12 253 239 63 255 251 231 127 255 48 6 193 160 241 255 255 255 247 79 51 124 248 255 255 255 245 149 199 28 19 1 0 160 45 142 71 67 193 236 170 240 254 15 0 2 0 128 48 8 76 72
32 115 134 203 207 207 127 14 0 0 153 236 127 255 253 231 15 127 250 224 79 134 32 8 142 91 206 12 119 255 252 247 255 63 243 156 231 220 243 159 247 136 99 189 247 255 255 62 14 231 112 123 12 32 252 255 251 108 126 37 130 227 239 239
180 127 207 227 33 0 0 64 227 198 4 99 96 199 221 111 63 225 192 41 12 225 16 6 64 128 49 243 72 131 0 226 25 39 20 64 0 0 128 80 198 153 223 253 24 163 237 137 188 170 119 255 191 199 1 0 224 255 249 60 130 233 185 27
32 123 142 1 64 144 115 50 0 156 189 207 25 247 221 103 31 57 224 0 103 18 224 93 190 89 195 70 31 255 125 165 253 39 214 92 231 221 239 148 211 174 99 253 246 239 251 255 26 132 119 80 17 0 254 191 154 252 247 4 223 255 191 31
48 89 223 239 239 195 79 0 0 148 109 238 115 69 0 0 0 0 11 238 124 128 0 0 128 25 11 134 61 255 254 255 235 205 3 0 0 224 13 55 200 128 11 0 128 16 0 191 255 255 128 128 64 178 145 241 254 255 98 4 87 13 132 254
180 0 0 12 0 22 0 80 240 246 237 47 30 24 0 129 127 254 249 3 8 253 214 63 0 128 17 99 8 35 142 56 64 128 224 251 255 191 247 8 37 84 170 51 0 129 108 137 248 124 159 143 198 81 254 254 223 108 118 51 0 172 136 159
0 114 158 199 239 223 127 14 12 28 57 206 113 199 28 98 112 1 0 200 115 158 103 28 6 67 214 110 55 125 124 227 255 255 31 26 64 160 13 162 152 35 6 249 34 0 0 255 255 63 0 224 251 191 185 251 249 180 155 232 0 168 249 59
0 120 223 227 225 217 115 15 14 28 56 192 113 231 253 111 30 57 96 32 0 187 247 61 191 71 230 92 247 221 112 231 153 127 255 125 134 0 2 8 32 111 126 115 34 66 176 255 39 203 127 119 139 32 55 7 1 56 157 218 164 255 191 58
0 115 158 195 239 223 127 14 6 12 57 206 57 231 157 100 18 0 32 206 115 159 247 124 142 67 198 4 55 126 252 255 255 255 159 8 64 128 32 226 24 35 6 33 34 68 242 255 255 63 192 227 255 191 185 235 249 182 24 232 32 44 25 0
132 2 20 5 0 18 36 125 80 96 64 141 126 8 252 255 255 255 249 67 10 0 0 0 116 255 255 63 0 0 160 107 42 253 252 255 255 189 243 24 128 0 1 200 0 0 252 225 32 72 178 181 234 92 78 4 144 239 100 0 222 127 46 0
160 123 223 227 239 207 31 7 159 0 28 234 127 255 253 230 127 207 41 96 1 3 48 68 143 26 228 202 111 223 244 255 127 15 176 128 219 3 48 220 240 241 31 61 67 2 0 140 67 193 114 249 124 7 0 96 7 16 143 5 211 29 25 0
180 27 87 224 106 8 0 99 67 238 253 239 127 123 236 225 111 254 249 235 127 235 112 15 255 251 255 135 127 255 255 255 6 24 248 255 255 255 241 144 255 191 247 29 255 255 27 22 223 231 59 0 240 125 254 126 159 52 255 255 155 65 192 32
180 72 201 239 239 71 14 1 129 242 237 47 55 4 112 200 113 255 251 239 31 239 48 14 129 33 32 239 255 255 255 159 255 252 113 129 63 255 30 1 4 16 154 241 49 98 125 159 11 255 255 200 255 15 216 88 134 1 0 0 64 184 249 2
0 122 206 239 239 7 0 76 204 88 0 224 119 223 125 230 123 71 184 235 127 199 1 2 196 242 31 16 66 130 100 227 95 255 255 255 255 253 147 18 206 18 131 8 184 245 207 112 254 191 54 211 251 255 255 247 217 100 118 255 27 205 223 111
176 251 223 227 64 192 64 2 0 0 1 76 112 193 157 255 127 249 1 0 0 0 0 8 227 255 31 28 48 96 0 97 24 99 188 251 222 19 3 16 242 2 1 136 242 92 218 247 50 0 114 247 191 93 238 111 147 0 0 0 64 0 0 192
180 123 223 239 239 71 0 67 67 2 12 239 112 195 12 2 0 192 187 239 125 195 48 14 67 35 96 201 33 229 60 243 248 3 0 0 0 0 156 115 196 0 144 177 11 10 32 137 211 239 255 31 4 130 133 1 0 208 233 1 0 224 127 114
132 123 223 135 128 16 97 0 128 136 1 6 0 239 255 255 255 255 253 1 0 241 180 111 128 0 1 66 152 163 13 132 63 255 255 255 255 255 243 28 103 220 251 127 48 39 249 251 253 255 247 247 255 125 254 127 219 110 100 54 23 128 209 19
180 251 223 231 225 193 67 0 128 128 1 110 112 195 61 255 127 243 1 32 64 128 16 76 129 43 31 30 56 96 24 227 57 103 188 251 222 3 3 16 192 0 16 189 255 255 251 102 0 77 242 247 171 221 254 111 1 0 0 0 0 0 192 192
252 255 255 97 32 64 0 1 193 199 31 127 176 65 6 253 254 248 197 33 12 0 16 64 0 32 56 227 25 103 30 0 0 0 8 97 158 59 199 24 0 0 10 208 193 153 0 128 201 32 0 0 152 76 206 204 255 255 101 52 0 32 0 229
212 255 255 243 225 0 0 0 192 192 0 243 240 199 255 255 191 249 228 49 12 195 0 6 192 18 0 0 0 3 52 227 25 103 188 249 206 153 203 24 198 16 147 185 152 7 0 144 249 239 242 127 139 72 230 47 250 254 97 36 10 9 145 178
244 255 239 251 96 192 0 67 0 198 13 231 240 215 255 127 189 245 214 37 12 195 48 78 195 27 2 0 0 34 60 227 25 55 220 125 45 221 207 24 198 152 147 45 32 70 3 48 249 236 114 115 155 108 247 255 255 255 101 36 219 15 25 34
160 59 223 239 227 195 1 6 0 0 29 238 115 203 12 162 64 227 139 103 24 195 52 12 135 3 198 76 51 101 48 227 202 203 13 2 0 0 0 64 132 3 0 33 51 94 248 255 255 45 2 243 255 255 155 3 0 254 193 32 122 63 17 16
240 255 255 255 96 192 0 0 128 132 29 255 241 207 63 255 252 247 255 63 12 195 48 12 128 1 0 66 0 100 60 227 123 255 253 239 125 253 254 127 198 0 3 49 48 102 251 187 0 196 242 255 255 247 25 176 12 217 239 37 16 8 1 0
160 123 130 201 68 192 127 0 0 0 1 204 116 255 205 7 0 0 242 12 16 130 36 109 255 31 7 4 16 32 0 227 223 191 15 0 0 0 12 0 0 2 76 231 247 126 18 118 255 8 98 243 31 178 5 240 253 255 120 8 68 48 128 246
148 59 223 225 239 0 0 0 0 0 21 239 127 255 252 34 10 64 248 255 127 235 1 0 0 145 31 175 56 99 52 227 255 255 255 15 64 200 248 247 207 17 3 8 160 241 255 127 62 137 50 17 96 188 63 3 0 128 193 33 18 197 204 205
244 255 255 247 96 192 0 0 128 130 29 255 241 239 255 255 255 255 253 63 14 227 48 14 128 0 0 0 0 96 60 227 255 255 247 223 255 253 242 127 198 16 19 49 0 166 255 57 16 196 242 255 255 247 121 51 121 255 255 37 18 8 9 0
252 255 255 255 255 193 0 0 128 134 1 242 240 207 127 254 185 231 132 49 136 227 62 14 0 0 96 255 121 163 0 128 24 255 255 255 251 1 0 0 0 16 158 113 0 0 0 207 65 0 32 114 251 255 251 3 129 0 0 193 32 56 0 0
180 255 255 239 33 64 0 97 227 206 13 231 240 199 127 255 189 247 255 47 12 65 48 79 225 168 96 227 25 39 28 128 25 103 60 225 13 247 142 24 70 152 218 253 9 2 33 153 201 112 0 64 187 12 198 220 238 107 96 4 128 56 57 0
248 255 231 249 0 0 64 0 128 128 0 254 240 255 255 255 159 116 252 255 255 227 0 12 128 3 23 110 8 0 16 227 24 255 255 191 255 16 128 16 199 154 3 1 0 224 255 1 160 40 50 243 255 247 249 11 0 0 0 193 123 13 128 140
176 59 199 225 64 128 64 0 128 196 9 231 254 255 237 163 79 126 240 33 12 226 0 12 130 209 255 127 121 37 48 227 255 255 255 191 255 255 247 159 231 0 1 1 176 248 255 111 32 0 64 243 255 255 249 243 255 127 118 54 16 196 238 207
132 127 207 227 129 192 67 127 239 222 188 227 137 255 255 127 31 125 224 33 4 0 176 99 127 252 255 255 255 29 113 128 191 255 255 189 255 254 247 31 98 200 208 198 207 25 24 207 1 80 0 242 255 255 251 255 255 125 126 54 1 0 64 192
176 127 199 225 224 216 0 0 130 128 8 238 248 255 255 127 31 124 96 33 8 195 48 14 128 96 87 62 8 0 48 227 157 255 255 191 231 220 243 30 228 0 2 17 0 224 255 102 50 0 32 115 251 191 187 179 249 255 119 54 16 0 200 205
52 0 208 14 0 16 110 56 249 254 253 15 0 0 112 13 44 255 67 0 2 16 134 113 255 29 8 0 132 51 143 12 0 252 127 181 189 254 223 61 113 236 104 206 212 30 0 128 193 48 200 182 226 255 159 240 252 111 102 2 255 87 18 48
180 255 239 227 224 192 1 3 0 0 0 232 240 255 255 119 159 125 244 41 14 131 48 12 0 98 31 60 32 64 48 227 25 255 255 191 247 16 194 24 231 128 3 0 51 245 6 4 226 233 50 115 251 191 187 3 0 0 64 229 59 0 196 229
180 120 223 239 33 64 66 0 255 222 36 34 0 207 61 255 255 255 251 35 12 128 16 69 161 40 225 255 239 1 0 0 16 39 60 225 159 55 198 24 198 136 82 53 0 32 45 205 247 26 68 99 155 12 0 12 6 203 1 4 0 32 104 0
240 255 239 239 96 128 0 67 67 0 12 255 255 199 94 123 140 245 222 47 12 67 32 2 67 210 108 111 33 64 48 227 8 7 28 32 45 247 222 59 198 16 131 40 2 0 4 68 162 109 50 49 153 12 130 252 238 75 96 36 155 111 8 8
0 122 4 0 0 0 96 124 96 0 0 0 96 224 217 15 12 112 192 0 6 48 132 97 112 30 12 0 0 0 8 98 8 99 223 127 196 208 203 127 227 236 233 238 196 6 0 0 0 0 48 113 187 252 119 183 249 254 110 0 193 123 48 48
180 255 255 243 97 0 0 64 193 194 13 239 240 255 255 247 223 127 199 49 12 193 0 0 64 176 59 231 24 33 60 227 95 255 191 144 183 26 195 24 198 16 131 25 136 129 24 251 89 4 114 243 251 191 1 2 149 104 100 36 18 237 126 17
180 123 223 239 239 207 0 1 129 206 125 239 16 1 12 236 112 195 57 239 127 207 51 14 131 97 99 134 25 111 31 0 0 238 28 35 8 0 8 99 12 17 154 241 59 231 255 0 128 112 16 242 255 255 249 131 0 144 129 0 96 184 153 43
244 191 231 241 96 0 0 0 128 194 13 255 240 255 239 183 159 112 196 49 14 227 0 4 0 0 16 224 56 103 60 227 222 187 239 156 231 16 194 24 198 16 3 16 0 151 120 155 218 101 50 243 223 39 33 34 213 72 64 32 18 205 29 1
180 255 255 247 1 0 0 0 128 194 13 239 240 207 255 255 191 255 252 49 12 0 0 0 0 24 25 103 24 33 56 227 59 255 255 189 239 156 227 24 198 0 0 128 192 248 255 251 57 76 114 243 251 191 3 48 149 73 100 36 154 111 38 132
32 80 223 239 239 223 7 8 159 188 32 0 0 132 17 78 16 129 10 239 121 195 49 4 199 27 0 0 0 0 77 100 0 0 24 111 120 225 12 99 8 0 0 0 0 30 3 0 253 255 255 255 255 3 64 56 46 131 0 128 112 54 128 254
244 255 239 227 96 64 0 0 128 194 13 239 240 247 223 119 159 121 228 33 14 193 0 4 128 16 57 231 24 99 60 227 25 247 223 60 198 24 194 24 198 0 0 0 0 240 47 8 201 237 114 243 255 7 1 2 133 72 100 36 26 47 128 140
244 255 239 243 96 0 0 0 193 198 29 255 241 231 31 119 255 113 196 57 12 195 0 4 0 0 48 231 25 39 60 227 253 167 150 26 196 144 203 24 198 0 2 0 0 145 4 250 249 0 0 49 88 14 2 0 0 74 96 0 0 32 96 64
160 127 6 0 0 0 112 112 32 0 1 13 120 247 223 111 31 48 192 0 4 32 128 113 255 31 0 0 0 2 12 160 28 55 222 124 239 155 195 28 243 2 64 132 255 31 0 1 128 96 0 0 152 12 246 46 216 238 118 38 0 64 119 246
244 255 255 243 224 192 0 0 128 128 29 255 241 199 191 255 254 251 196 49 14 227 48 12 128 3 3 70 24 103 60 227 57 103 252 127 140 17 194 24 199 0 3 33 48 102 127 26 219 165 114 243 187 124 111 7 208 254 101 36 0 32 224 234
176 255 207 227 224 192 1 7 7 0 0 232 112 231 255 127 190 249 194 33 0 195 52 46 199 231 231 24 96 192 0 128 24 103 156 49 174 27 131 24 0 0 152 255 255 31 192 247 55 0 0 114 187 15 2 2 151 72 0 0 96 48 242 247
0 0 156 207 7 130 127 32 0 188 249 198 127 255 32 128 8 34 251 79 0 0 0 64 32 29 10 0 16 255 140 0 194 158 127 174 48 252 143 57 234 202 1 4 64 240 7 0 216 119 140 63 235 251 255 23 168 138 68 254 255 79 141 191
176 59 195 237 238 196 8 0 130 134 221 239 62 91 68 0 1 68 251 47 0 131 48 12 130 65 3 128 25 111 28 33 132 18 77 110 113 255 30 25 0 0 26 241 50 102 71 154 217 32 0 0 0 0 4 124 174 75 0 144 100 255 255 59
132 123 223 231 225 209 3 5 135 10 0 224 96 199 189 239 126 243 248 111 14 211 176 111 135 3 224 90 64 128 248 239 57 237 190 41 12 0 0 64 0 16 154 241 1 2 0 225 247 239 211 245 255 15 0 8 199 251 249 0 64 16 16 0
180 255 255 227 0 0 0 0 0 192 5 239 240 231 255 255 255 249 196 33 12 0 0 64 0 25 27 36 24 98 28 227 25 39 156 241 255 27 195 28 198 0 0 128 240 253 255 59 8 109 50 115 25 4 6 12 22 76 100 36 8 98 230 207
180 123 223 15 0 16 96 0 160 192 5 239 115 199 60 239 124 243 67 0 0 176 6 4 0 0 16 226 121 99 244 111 8 1 48 241 252 19 195 12 247 2 3 57 144 179 41 154 201 128 50 57 4 0 64 12 223 111 118 254 255 143 145 191
180 9 209 44 38 0 0 64 225 194 197 47 54 0 0 136 121 230 153 235 124 225 0 0 64 144 24 0 0 3 12 96 96 195 12 227 249 231 159 18 198 16 211 189 253 31 66 0 0 96 50 145 255 15 0 0 4 195 225 180 155 239 255 51
160 3 0 12 4 150 125 48 0 0 193 236 126 251 0 0 69 22 91 134 2 20 224 127 254 15 2 0 16 238 188 255 255 155 227 223 247 253 243 255 255 229 32 38 100 30 0 1 222 239 242 63 108 251 63 48 88 223 255 127 31 0 80 240
180 123 223 97 32 64 64 0 0 0 0 8 112 195 255 255 127 255 192 33 4 128 16 77 225 31 4 0 0 0 0 224 56 255 255 255 255 27 3 0 0 0 92 229 112 14 130 0 0 64 48 243 251 125 58 2 128 0 0 0 96 48 115 114
4 224 255 239 163 3 3 0 140 152 124 175 51 70 60 254 255 255 203 99 12 128 0 0 0 0 24 98 62 123 228 237 35 109 60 227 157 35 130 16 128 0 2 144 0 185 39 24 201 0 48 0 16 12 78 12 134 0 0 128 32 32 96 205
255 133 255 255 247 231 134 131 223 255 255 247 147 8 34 240 253 255 223 243 136 3 56 196 195 120 97 195 1 60 254 252 115 205 112 247 255 119 7 16 0 0 0 128 1 24 4 1 0 100 144 160 248 253 254 95 145 64 64 32 72 54 102 0
244 255 255 247 241 193 1 3 131 134 12 96 64 195 31 127 176 193 4 41 8 131 48 76 131 96 113 144 0 0 8 96 0 32 12 96 0 1 0 0 0 0 16 128 3 24 0 0 0 64 62 0 16 12 70 14 0 0 129 65 96 48 96 228
0 34 0 8 12 28 120 0 0 248 253 15 28 48 192 0 3 140 251 239 127 254 241 95 184 1 2 0 154 127 255 189 255 255 199 15 127 254 253 255 15 28 226 241 52 70 3 0 201 32 224 251 255 255 59 48 12 213 235 0 200 191 191 59
254 255 255 243 0 0 64 97 96 64 0 241 240 255 255 119 158 121 196 49 14 225 0 3 96 147 12 0 64 2 4 0 8 35 12 32 0 0 140 16 198 24 193 168 172 31 2 0 255 0 0 32 25 12 6 0 0 2 0 128 96 51 48 32
255 255 255 17 0 32 192 241 32 1 2 248 240 255 255 247 223 127 252 49 14 32 8 203 112 155 6 0 112 2 4 195 24 63 252 176 135 26 194 24 199 136 240 189 237 15 0 0 233 32 0 0 25 12 6 0 4 0 64 164 169 51 18 176
176 251 255 231 97 192 0 67 2 198 29 239 112 199 61 255 252 243 205 35 12 227 48 15 195 225 98 199 25 101 60 225 25 103 60 227 220 19 130 24 134 24 146 33 34 96 189 3 218 237 54 17 0 0 206 78 7 64 96 53 16 12 128 191
244 255 207 97 224 208 0 3 131 0 0 224 112 227 159 127 255 249 193 1 0 211 180 46 211 103 5 16 0 0 8 226 8 35 12 112 142 27 199 24 32 212 11 2 0 0 254 1 180 44 2 51 25 12 0 8 6 73 37 146 16 44 0 128
240 255 207 1 224 208 33 87 7 14 29 228 248 255 255 247 159 121 64 1 0 211 180 110 23 7 0 192 1 3 0 128 25 55 254 248 199 157 227 28 33 212 186 255 0 0 240 249 0 64 48 50 25 12 6 44 150 108 36 18 101 24 24 0
180 123 223 239 35 0 0 97 231 206 4 227 112 207 29 6 8 97 138 47 28 97 16 3 65 224 121 179 72 128 48 231 251 35 5 132 112 243 143 25 198 152 211 28 221 241 143 96 37 238 127 219 31 227 208 92 168 235 1 190 191 205 204 237
180 72 1 0 0 24 112 113 96 64 164 15 8 32 129 77 127 248 225 1 15 56 192 65 120 158 62 127 0 0 9 36 48 227 220 255 255 255 255 159 1 140 249 255 253 11 176 231 246 127 69 192 255 93 250 252 255 79 102 0 0 112 114 208
160 123 223 231 235 203 23 6 2 4 25 238 115 195 252 111 32 129 250 239 63 131 32 8 135 91 66 4 49 111 60 227 8 255 255 191 104 0 0 83 200 3 0 32 178 94 243 191 154 255 18 161 251 255 255 247 249 48 88 236 24 68 127 0
251 255 239 255 247 231 207 131 131 135 31 254 241 199 31 254 249 133 157 255 164 131 56 204 135 99 231 254 59 237 120 255 9 37 248 255 255 33 0 80 192 3 16 189 19 96 253 255 18 255 63 0 240 253 255 255 251 112 64 36 8 8 136 136
180 0 64 46 7 6 12 127 255 254 229 33 15 0 0 200 109 247 27 226 127 125 3 19 113 176 56 161 4 16 194 88 102 216 248 255 255 39 145 68 151 63 253 216 141 25 0 0 0 192 255 255 231 241 254 255 219 116 122 56 14 193 126 32
180 120 255 239 231 199 7 15 159 254 125 96 1 4 60 238 240 255 11 39 0 1 52 108 135 125 224 128 135 255 255 255 59 236 60 163 185 103 15 8 0 64 28 198 67 24 255 25 152 0 193 224 255 23 0 208 247 65 52 255 164 50 34 192
52 72 223 239 227 211 39 11 27 190 125 102 19 13 52 232 253 255 219 99 2 147 180 127 131 97 243 246 255 255 247 156 123 238 124 243 191 127 223 28 103 196 18 49 35 224 63 158 207 243 197 255 239 240 255 255 147 76 100 54 0 0 192 200
48 120 223 227 225 193 2 10 203 222 61 103 1 0 252 111 62 249 226 45 63 195 32 0 2 240 251 231 255 255 119 239 57 101 240 255 255 255 247 159 255 152 211 61 255 227 56 255 255 139 255 255 38 97 254 127 251 14 64 164 127 193 128 255
0 123 223 207 1 0 65 36 238 200 16 130 0 130 9 110 124 247 195 7 0 0 0 64 164 28 153 115 202 139 39 255 56 0 0 97 28 119 143 24 226 200 65 206 212 24 8 153 255 162 235 255 63 209 206 68 180 239 4 134 255 119 128 244
180 123 223 227 224 217 33 0 128 134 29 238 112 195 13 33 68 249 227 39 27 211 176 12 128 0 19 34 8 236 125 255 216 229 9 6 60 122 238 57 129 0 0 1 0 0 8 187 217 231 59 192 250 15 0 0 0 255 255 49 0 0 0 0
244 255 239 243 225 0 0 0 0 128 29 255 241 255 223 247 223 121 196 49 14 227 0 12 128 1 3 4 0 96 60 227 255 191 150 24 198 24 195 28 198 16 3 0 32 240 255 58 16 132 242 255 109 243 173 3 145 108 119 36 16 128 237 239
252 9 1 96 46 12 16 97 243 247 255 255 191 61 224 128 79 72 184 249 255 255 243 31 73 160 113 231 25 55 222 121 198 152 227 222 247 255 241 255 159 61 243 185 9 161 252 155 8 0 0 32 252 255 251 243 249 255 255 53 10 136 0 1
128 127 207 227 237 0 1 103 103 78 16 224 224 255 255 255 255 255 161 161 79 67 48 2 103 250 255 191 251 140 48 194 127 255 255 255 255 253 243 28 198 16 208 220 255 253 16 230 247 154 192 243 255 255 251 251 249 124 118 32 203 247 246 117
48 120 223 231 67 193 119 47 191 254 125 15 1 4 252 255 127 255 232 0 0 163 252 255 255 239 227 223 159 252 251 140 51 252 255 255 223 24 195 152 115 254 252 231 127 110 251 47 0 0 253 246 227 252 127 167 129 8 4 255 45 0 192 194
180 27 211 236 239 207 0 67 0 230 77 111 114 0 36 238 127 239 57 227 73 207 48 8 0 224 123 239 25 229 30 8 34 250 252 255 255 47 1 0 132 144 159 253 0 225 255 0 128 255 255 255 231 17 8 8 134 1 0 209 230 251 255 255
148 8 223 255 239 71 4 79 81 114 101 229 115 223 125 230 17 231 191 255 127 199 48 10 231 251 174 157 0 240 248 247 255 15 48 192 49 3 20 97 132 1 144 128 187 30 144 255 119 207 255 255 239 243 223 82 5 240 193 32 0 32 98 208
0 0 156 207 207 159 63 12 24 188 249 239 127 14 32 224 64 135 11 66 0 0 4 96 132 29 0 0 22 59 238 56 67 140 48 226 185 99 7 0 240 226 13 2 224 22 99 24 217 32 0 40 92 240 255 255 249 40 0 254 51 0 69 230
148 0 89 14 0 0 100 121 48 32 100 45 119 72 0 128 76 243 203 6 0 48 132 33 0 4 24 0 0 98 206 127 255 129 0 130 188 115 15 0 32 254 111 126 0 0 230 49 152 100 16 0 80 30 250 255 255 124 52 8 247 25 0 136
240 255 255 227 224 128 0 71 71 70 12 249 241 255 255 255 191 255 236 33 14 195 48 2 71 242 255 191 99 4 112 227 63 255 255 189 207 28 243 28 231 16 145 152 255 31 0 68 230 137 114 243 185 190 183 7 145 108 102 32 2 247 118 53
180 0 80 44 6 0 64 32 160 0 0 0 112 0 0 0 0 230 155 15 20 0 0 64 0 8 24 96 0 0 136 127 255 255 7 6 48 102 142 57 64 200 219 255 64 129 164 33 0 68 50 16 64 184 31 244 255 123 36 0 231 255 25 0
148 8 217 239 239 15 0 73 223 254 253 35 0 0 124 236 123 207 185 239 127 239 17 6 65 160 241 243 255 19 3 12 55 254 255 239 27 4 16 0 132 19 151 17 25 19 0 129 65 128 255 215 255 20 1 2 129 0 0 248 126 204 93 49
148 123 7 224 232 88 16 0 199 130 4 34 72 243 141 7 18 0 32 168 127 255 115 30 137 160 53 187 235 195 37 199 152 243 207 63 226 136 33 199 159 51 150 17 17 160 255 5 254 191 65 231 159 36 48 50 255 255 219 0 80 188 136 0
4 34 223 239 227 67 7 0 0 0 125 239 115 207 0 0 64 99 11 7 0 0 4 40 133 31 10 0 0 98 252 243 251 143 1 2 48 98 15 8 224 242 15 0 224 84 254 51 24 109 50 0 80 158 158 220 183 1 0 222 127 0 68 64
176 25 195 0 96 216 112 0 131 128 12 14 32 0 0 13 118 144 1 0 66 0 0 0 0 0 120 254 249 1 2 72 112 99 4 0 222 19 247 255 255 231 3 61 0 129 44 137 227 56 192 255 255 243 255 71 80 158 143 254 187 205 255 127
244 255 255 255 224 64 0 67 67 66 12 255 240 199 63 255 252 247 223 55 12 195 16 2 67 243 127 175 57 100 60 227 123 103 20 193 60 119 207 24 198 16 147 153 187 255 218 246 251 173 242 251 61 3 192 76 166 235 100 36 130 239 191 1
176 59 199 233 239 206 9 7 3 4 156 239 126 251 4 32 64 76 187 239 125 199 48 8 7 243 255 172 49 108 60 241 204 131 0 2 49 103 28 113 196 3 19 8 163 253 214 6 254 191 62 63 95 243 220 223 251 3 64 0 64 49 0 0
180 11 193 239 102 70 0 0 129 230 253 239 63 255 101 128 1 127 219 39 8 193 52 110 0 0 0 128 8 103 156 225 199 255 255 150 255 255 151 25 228 208 147 55 0 230 111 254 255 29 0 32 89 180 190 252 223 125 255 7 193 152 137 139
180 123 207 227 225 192 115 0 135 142 188 239 127 247 220 235 127 49 0 160 111 163 50 28 129 224 255 174 11 108 248 255 0 20 250 123 223 1 0 196 255 255 255 127 255 229 255 119 190 255 255 255 230 255 107 243 253 255 63 158 247 217 137 207
180 123 223 239 224 64 0 1 195 206 13 39 0 131 253 239 127 243 0 33 76 243 182 63 193 160 225 255 251 167 1 128 56 127 254 255 255 1 3 0 183 255 255 255 59 163 57 203 5 218 215 255 171 77 102 14 1 60 159 255 255 143 153 27
32 121 223 79 0 0 0 127 0 0 1 12 112 207 61 239 124 255 219 7 12 0 0 0 96 223 30 0 241 254 125 231 25 253 255 191 255 252 243 127 231 216 243 190 238 197 86 22 255 191 239 247 227 191 59 178 253 255 127 54 131 239 59 32
176 123 223 231 107 192 0 99 2 70 61 239 115 199 188 239 126 227 248 47 12 0 0 0 2 248 255 127 0 108 248 239 123 255 191 175 78 152 234 122 198 152 147 28 255 209 152 39 16 255 211 225 59 4 0 168 238 75 252 55 159 205 220 255
252 255 239 243 255 64 0 0 129 194 15 255 240 195 223 254 255 224 132 57 140 195 16 14 129 33 33 130 24 103 60 227 8 119 254 255 255 129 131 24 132 16 19 49 49 230 127 26 201 237 50 51 251 125 250 191 219 252 101 52 30 13 128 162
176 255 255 247 239 193 1 3 3 142 29 239 112 199 255 254 255 227 140 241 109 195 48 14 3 65 224 230 27 111 60 227 25 255 255 255 255 253 131 16 198 16 19 49 3 226 255 255 63 159 66 243 251 255 255 247 221 108 64 32 16 0 0 202
244 255 255 247 225 64 0 0 128 128 13 255 241 199 63 255 254 255 255 55 12 195 16 12 0 0 0 0 0 0 48 227 123 239 28 0 4 18 194 88 198 16 3 49 0 6 0 64 249 0 114 243 255 7 128 11 0 72 101 0 16 12 25 32
192 255 255 247 241 224 1 6 135 8 30 254 241 239 255 255 191 255 252 49 140 195 56 14 4 2 196 104 34 108 124 231 191 255 255 191 6 24 250 126 198 16 19 49 0 3 0 128 1 239 247 243 251 191 1 3 0 72 100 36 18 136 25 32
107 252 47 16 240 249 179 223 14 29 62 29 128 231 159 119 158 249 71 16 194 251 254 255 255 255 199 140 183 126 93 132 153 39 148 16 132 24 79 140 119 127 244 255 255 95 82 22 255 17 65 98 255 255 219 195 241 46 86 75 192 114 243 242
252 255 255 255 97 0 0 64 0 0 15 255 241 207 63 255 253 255 207 51 142 227 0 8 193 179 15 12 48 238 252 231 59 111 60 227 191 55 199 24 231 152 147 57 185 71 2 0 218 239 247 243 255 93 206 76 151 8 68 230 27 77 16 32
254 191 231 249 255 228 0 0 0 199 255 255 255 255 79 48 128 64 150 253 253 239 63 142 131 1 3 128 57 255 252 247 255 191 71 12 96 196 184 255 255 251 151 57 51 7 2 154 255 47 64 241 93 167 49 179 104 191 223 255 191 207 157 48
176 255 207 227 224 192 65 0 131 134 29 238 240 231 223 111 158 253 254 255 127 227 48 12 231 19 0 192 123 255 125 231 25 39 156 224 255 255 253 147 207 156 19 41 183 22 120 191 255 255 127 79 0 72 254 127 10 64 240 53 95 13 17 146
252 255 255 255 127 64 0 0 128 199 63 255 177 67 30 248 251 255 255 255 191 227 48 14 128 33 51 230 57 255 255 255 113 196 16 67 24 255 254 179 198 152 147 57 16 224 127 154 219 231 187 8 0 0 204 204 254 235 116 255 255 207 157 0
249 191 255 255 247 0 128 67 0 64 15 255 240 207 63 246 253 247 141 115 140 227 56 142 67 3 0 192 121 239 60 227 24 35 252 255 157 33 211 126 246 152 131 32 0 6 120 255 255 255 15 3 145 77 78 12 6 1 64 230 127 13 17 18
244 255 255 243 96 0 0 65 193 198 29 255 240 195 255 255 191 249 196 49 14 227 16 6 0 160 59 231 8 100 124 239 255 255 151 17 132 16 195 92 247 155 147 57 0 129 12 129 216 239 255 255 255 243 1 0 0 188 255 255 191 207 157 25
160 123 207 235 64 128 65 2 0 0 25 238 117 247 253 239 191 255 255 239 31 162 32 12 166 83 6 140 255 255 255 175 63 252 255 255 255 255 247 223 255 156 67 41 254 247 251 255 255 255 207 207 231 255 254 127 251 94 110 54 27 193 93 2
4 2 0 8 12 28 120 112 240 232 193 243 255 255 253 131 15 124 248 205 63 60 192 0 56 16 0 64 0 255 255 255 255 255 255 159 255 252 251 191 255 255 247 63 0 130 103 184 255 255 255 223 231 251 249 243 255 127 254 127 159 207 29 43
248 255 255 255 96 192 0 3 131 6 30 255 241 199 31 255 252 247 255 63 142 227 48 12 3 96 127 238 57 237 124 227 25 7 20 227 61 119 206 24 231 152 19 25 2 160 28 175 219 239 18 97 31 213 222 13 224 235 116 254 159 13 128 191
0 34 20 129 207 223 127 127 127 56 248 232 111 62 252 239 63 15 56 232 127 28 67 0 127 30 136 192 231 255 255 191 191 252 251 191 207 252 255 255 255 255 1 0 192 22 0 189 255 255 255 207 230 51 33 241 255 255 255 63 31 68 93 118
30 0 24 4 0 18 100 249 253 242 64 0 0 136 241 207 127 255 249 65 15 124 196 115 120 172 57 115 196 128 193 110 63 255 254 255 255 191 243 156 39 252 248 255 204 9 0 225 101 128 227 241 251 255 255 255 249 108 38 182 0 0 112 112
240 255 255 243 96 192 0 67 67 198 31 255 241 199 31 255 255 251 237 243 255 227 32 0 195 113 104 199 123 255 127 175 0 0 0 96 0 19 236 244 255 155 3 0 171 18 121 191 255 191 15 12 0 0 4 12 6 183 255 255 27 77 4 0
248 255 255 255 0 128 64 99 34 70 31 255 243 255 63 247 156 115 223 63 14 227 0 0 99 211 106 239 57 239 60 227 8 1 0 96 4 255 255 127 231 152 3 8 175 82 248 255 255 31 0 0 0 0 6 76 126 207 254 255 27 77 0 132
0 35 150 207 199 223 127 6 158 0 0 200 103 255 253 239 127 191 8 192 67 191 231 61 190 87 223 30 0 64 184 227 63 255 255 255 255 189 19 4 16 38 12 1 0 32 132 100 16 237 114 243 251 255 255 243 217 108 126 25 220 255 255 63
244 255 239 227 96 64 0 0 193 198 13 255 240 247 223 127 159 125 196 33 12 129 0 4 129 16 0 192 8 103 60 227 25 119 15 0 0 16 206 124 231 152 3 41 0 2 1 0 193 224 114 247 31 2 0 0 100 255 255 62 155 205 29 32
180 123 207 35 32 64 64 0 129 194 13 111 112 64 4 11 124 240 193 33 12 225 16 111 129 0 32 230 121 231 14 0 0 0 8 96 0 3 142 120 230 217 15 32 0 0 0 139 201 32 0 32 8 0 0 204 230 251 253 254 127 12 24 24
240 255 255 247 240 192 0 0 0 134 31 255 241 199 255 255 255 255 207 49 142 227 48 14 131 3 3 4 24 111 60 227 8 111 252 255 159 17 226 92 231 16 19 49 51 102 251 3 218 239 255 215 251 125 79 2 0 254 255 54 26 0 17 0
248 191 231 255 96 192 0 3 0 134 31 255 255 255 255 247 143 127 255 63 14 227 48 14 131 227 23 4 16 100 60 227 255 255 247 132 39 252 255 63 199 24 147 57 51 229 255 54 24 229 242 127 105 186 17 208 252 203 100 36 18 205 205 11
4 0 24 134 239 223 127 8 0 176 241 14 27 0 0 136 96 143 59 238 115 140 241 124 140 11 2 4 156 51 207 60 243 252 255 255 255 252 115 159 255 131 48 191 115 79 250 255 251 189 255 196 255 255 255 247 249 124 66 36 128 224 255 50
176 123 207 225 224 192 0 119 239 254 13 0 0 167 253 239 127 255 0 33 79 67 0 0 0 240 251 179 255 191 7 128 63 255 255 255 255 253 243 158 247 188 3 24 128 241 6 0 128 48 192 247 255 255 255 243 249 127 118 36 27 205 204 253
176 19 0 0 8 152 120 0 128 0 0 0 124 249 253 239 127 60 0 192 111 255 7 0 136 19 15 24 96 192 12 35 12 127 254 251 199 24 225 196 191 127 7 9 190 247 255 118 62 255 30 3 145 92 39 167 17 4 155 201 18 192 229 231
128 123 223 227 128 0 1 102 68 72 29 239 112 231 13 99 94 121 195 3 12 243 182 47 230 231 223 15 0 0 32 225 88 3 4 0 148 51 134 0 38 18 192 128 63 253 223 96 48 109 18 59 8 218 206 70 0 104 253 1 72 63 38 0
180 255 255 239 33 64 64 97 225 198 13 103 112 199 63 255 252 243 199 33 12 225 48 79 225 0 32 193 24 39 12 128 24 103 28 241 252 255 143 24 6 8 208 225 0 34 111 187 217 0 0 96 185 12 222 12 128 72 96 52 136 190 63 2
252 255 239 243 255 0 0 0 128 128 1 254 240 231 255 254 187 237 132 49 136 227 62 14 128 3 3 126 120 1 0 192 24 255 255 191 251 0 0 0 0 16 158 241 0 0 56 239 1 64 48 115 249 255 187 3 129 0 0 193 96 56 16 0
244 191 231 237 96 64 0 67 65 0 12 255 255 219 110 179 141 118 255 47 12 195 16 2 65 178 124 239 32 100 24 225 8 19 76 224 117 247 254 123 198 16 147 56 0 0 132 5 146 109 50 49 153 12 2 252 6 65 96 32 26 239 24 0
180 123 1 0 0 0 0 0 224 194 1 35 88 241 205 15 14 112 128 1 8 192 0 0 0 0 24 99 8 1 0 0 0 3 12 96 132 3 6 0 128 254 15 121 0 1 40 201 0 0 32 48 24 12 6 12 134 0 176 89 255 221 25 17
32 115 142 224 239 223 127 15 6 4 248 204 56 127 157 100 83 143 251 255 127 191 113 8 15 99 254 254 255 255 3 128 85 254 255 255 127 237 48 195 139 3 0 0 34 80 16 135 67 127 197 255 255 255 255 183 1 0 193 1 80 62 60 60
176 59 0 232 236 204 25 71 7 78 129 224 126 255 205 35 3 4 176 237 127 239 65 0 15 112 250 255 83 237 248 255 140 17 194 72 99 255 191 183 142 0 3 8 131 217 253 239 4 194 58 24 30 225 244 253 254 71 0 160 58 197 255 223
176 251 223 231 225 0 0 71 0 0 0 236 112 195 255 255 255 255 255 35 12 67 48 78 0 0 224 255 251 237 61 167 8 100 252 255 255 255 255 28 198 16 146 189 32 195 253 255 255 255 255 207 131 80 254 253 255 127 100 36 137 175 27 0
252 191 231 241 248 224 0 128 131 207 255 255 255 255 239 49 143 124 254 255 255 255 57 142 131 1 96 231 59 111 60 161 207 159 239 142 103 220 248 227 255 255 151 57 59 3 120 159 203 97 48 16 89 44 49 249 239 183 255 127 31 141 153 18
254 255 255 112 32 64 0 0 225 199 15 127 248 225 142 255 254 248 228 49 142 243 184 15 193 0 32 227 25 103 28 97 0 3 156 123 222 25 227 156 247 255 247 63 63 39 41 154 201 101 48 16 159 68 70 14 146 174 222 255 255 223 153 59
244 255 255 243 96 192 0 0 0 128 13 255 240 231 159 119 156 113 196 41 12 131 48 76 129 3 0 0 0 0 56 227 217 167 159 28 196 16 194 90 198 128 3 33 32 6 0 0 0 96 114 243 255 167 185 11 72 202 100 4 16 0 81 50
192 255 255 247 241 192 1 0 132 136 28 254 241 255 255 255 159 113 204 57 142 227 48 12 135 3 0 64 0 108 124 231 31 255 255 63 68 16 192 16 198 16 19 49 16 6 227 0 128 239 119 119 187 44 55 35 1 64 96 37 18 12 25 34
240 255 255 247 225 192 0 3 0 4 29 255 241 255 255 247 223 255 255 127 14 227 48 14 195 115 6 0 17 238 252 231 27 255 253 167 63 255 254 57 199 152 147 57 59 70 3 62 219 239 119 83 155 12 216 253 174 73 64 164 27 77 25 32
252 191 231 249 252 224 0 1 0 199 255 255 255 255 207 49 136 96 150 253 255 239 59 142 131 1 2 196 57 255 252 177 223 191 79 12 0 196 184 247 255 255 215 57 59 71 123 159 255 127 0 98 223 47 49 1 40 3 136 197 179 205 253 59
249 255 255 247 243 0 0 66 0 64 11 255 240 207 63 254 255 243 141 115 140 243 62 14 64 3 0 192 123 239 60 231 24 39 252 255 156 185 235 126 183 124 147 49 0 6 121 255 255 255 79 67 145 12 2 8 6 1 0 192 114 13 25 26
252 255 255 255 119 64 0 65 195 199 255 255 183 79 62 248 232 255 223 247 156 227 48 14 1 224 115 231 57 127 255 185 0 0 48 227 57 255 255 191 255 255 211 57 1 1 56 191 255 255 207 15 6 0 216 220 254 255 254 47 147 205 29 16
240 255 255 255 247 193 0 67 67 6 30 255 241 223 127 246 255 255 159 243 140 231 56 14 2 224 246 239 123 255 124 231 95 255 252 243 191 39 146 16 198 154 151 49 2 128 124 191 255 191 67 97 249 95 74 2 0 0 0 193 114 141 8 9
0 2 222 207 227 223 127 30 158 0 0 200 103 223 125 239 117 3 8 224 119 191 163 20 22 98 223 58 0 64 168 227 127 255 255 255 255 180 1 6 25 38 15 0 0 160 132 100 0 237 246 247 255 255 255 247 217 116 123 8 255 255 63 44
176 19 223 68 0 192 117 0 0 164 77 238 122 73 36 129 108 178 233 111 55 0 240 127 191 15 0 198 57 255 255 255 255 201 163 207 28 252 255 255 255 253 98 37 116 102 57 155 223 255 255 223 103 243 249 241 255 255 255 254 155 12 17 0
128 255 239 227 224 192 65 4 132 142 1 224 240 231 159 127 255 253 197 33 12 227 0 0 135 19 0 192 123 239 44 130 25 103 156 177 255 63 199 24 130 0 208 253 255 31 0 0 193 247 54 82 251 15 250 78 146 108 96 0 0 240 119 114
244 255 239 227 96 64 0 67 67 66 12 255 240 255 159 119 223 121 228 41 14 227 48 14 227 243 111 207 57 103 60 227 221 39 212 94 70 153 251 127 199 152 211 57 255 31 56 135 2 237 242 255 255 243 253 3 120 222 101 52 18 65 209 50
132 123 207 235 5 0 64 127 239 254 61 225 0 135 253 239 63 245 248 239 127 96 0 0 100 248 248 161 199 159 127 132 25 118 220 105 79 255 255 191 207 8 1 0 207 31 0 129 1 64 113 118 171 239 255 253 62 65 64 0 0 224 118 117
32 123 223 239 71 192 67 46 2 4 61 239 49 207 29 102 8 97 154 47 20 0 32 72 166 91 66 0 17 127 124 229 0 0 0 96 0 193 158 123 194 128 208 255 98 70 247 59 218 125 31 12 132 255 215 1 32 218 229 36 1 0 0 0
180 0 81 46 2 64 68 97 255 254 236 35 7 8 32 249 127 255 201 97 14 0 0 65 32 248 255 179 0 0 138 120 2 72 248 251 255 63 131 16 194 220 255 223 223 189 128 96 253 126 143 143 226 93 254 254 151 64 0 4 231 243 254 253
160 251 223 199 192 128 1 127 70 0 8 232 113 199 189 255 127 251 1 0 0 0 32 64 70 254 222 61 97 196 112 231 57 103 188 251 255 59 3 0 0 2 0 204 0 200 151 254 127 223 255 119 1 80 254 127 147 108 118 62 136 235 255 255
224 255 255 255 225 192 1 2 0 0 0 236 240 199 31 255 253 255 199 35 12 195 48 14 135 99 247 30 48 228 56 227 25 39 20 96 4 19 134 16 0 0 16 209 51 125 152 5 0 225 50 49 0 8 0 12 6 67 96 48 124 62 146 0
128 123 207 195 128 0 0 119 100 72 29 239 48 247 13 97 92 125 195 39 14 243 180 47 100 227 223 45 2 0 32 224 88 131 4 0 20 51 142 0 7 26 244 144 63 253 223 96 32 76 18 59 9 210 206 77 130 0 244 65 0 48 96 0
240 255 255 243 241 225 3 0 128 134 13 6 128 199 255 255 255 255 7 32 0 131 56 108 135 15 0 192 217 3 4 0 24 103 252 255 255 1 3 0 0 0 28 231 115 14 32 219 255 154 111 119 129 76 70 14 129 64 0 0 0 48 115 114
180 255 255 239 33 64 64 0 129 194 13 111 240 199 63 255 252 255 199 33 12 129 16 76 128 32 49 230 24 35 4 128 24 103 60 241 156 19 130 24 198 128 210 253 16 225 127 8 0 120 0 0 153 12 6 0 0 72 101 54 159 203 203 11
128 255 255 247 225 193 1 7 6 8 0 224 112 199 255 255 191 255 128 33 12 227 54 14 4 98 214 60 99 236 61 163 24 103 252 125 136 1 0 0 0 16 159 113 0 192 254 183 158 255 119 67 153 12 6 14 0 0 0 192 96 56 0 128
244 255 239 243 97 0 0 65 193 194 12 239 240 255 255 119 158 121 196 33 12 193 16 2 65 128 32 227 57 103 60 227 157 191 223 60 198 16 194 92 198 16 131 0 8 0 36 153 255 175 114 115 153 190 7 2 65 72 238 37 18 12 29 0
128 123 223 227 224 192 65 7 7 0 0 224 112 199 157 111 62 249 192 1 0 2 52 108 231 127 239 30 96 128 0 130 24 35 28 113 142 19 3 0 96 194 13 0 99 112 255 255 37 223 0 32 25 4 6 12 135 0 148 79 0 0 96 192
52 0 0 0 0 30 126 120 0 48 237 47 63 56 240 201 111 24 112 8 0 28 199 121 120 31 2 4 0 32 200 125 231 253 255 255 255 255 115 158 57 236 44 66 228 254 151 98 49 4 192 245 251 253 255 247 217 108 118 255 255 255 255 127
180 123 223 239 239 223 31 0 128 142 13 230 80 199 29 238 112 129 9 42 0 131 119 126 135 3 99 86 24 33 120 231 121 231 20 1 0 0 12 127 32 1 18 243 51 102 249 255 61 142 255 255 39 0 0 136 38 131 193 243 108 10 153 2
180 89 255 239 231 195 0 0 128 130 13 111 115 207 5 226 112 227 139 111 24 128 0 0 0 0 0 226 56 103 28 97 0 1 0 96 0 1 8 121 192 0 0 184 208 159 249 255 123 29 0 0 152 221 223 143 0 208 225 32 90 247 23 3
32 51 255 255 247 199 7 0 128 128 1 6 16 0 0 14 32 131 11 79 16 128 0 4 0 0 17 98 24 3 4 0 0 238 13 37 0 96 12 113 0 0 0 192 0 8 108 251 1 0 160 183 235 190 7 1 32 195 97 32 76 62 110 0
180 59 1 0 0 0 96 112 96 0 0 233 124 243 129 3 14 112 192 9 0 32 4 97 48 156 28 0 0 0 8 96 0 3 14 120 4 0 224 255 255 201 1 0 196 20 134 96 48 108 50 17 24 12 6 6 97 155 206 39 144 109 36 252
180 0 0 0 0 92 126 0 128 128 1 14 124 240 1 3 4 190 99 6 18 144 196 125 152 15 1 70 24 35 12 97 136 3 0 102 182 127 111 25 97 196 40 247 48 102 255 9 0 255 63 15 0 96 70 4 4 139 165 247 37 8 129 130
32 17 223 239 71 195 71 46 190 188 120 238 119 15 124 238 121 231 255 79 4 0 0 0 2 88 200 106 127 255 246 75 3 252 125 167 8 228 254 123 128 128 9 204 194 24 32 255 255 27 8 192 255 15 1 129 108 251 97 0 223 127 6 223
176 3 208 12 0 22 36 16 0 0 205 15 50 72 0 129 127 254 73 2 0 255 135 40 16 7 2 108 48 97 143 57 0 200 252 255 255 255 211 12 32 116 11 2 0 192 21 10 1 64 253 191 226 125 126 126 151 76 0 0 118 28 77 76
160 3 0 0 0 156 124 16 178 236 201 66 94 185 252 239 127 254 96 0 0 16 228 127 250 77 225 255 255 255 247 95 14 88 232 241 223 31 247 222 255 229 32 135 80 8 56 159 5 195 192 252 142 0 0 96 255 255 127 38 153 255 255 16
0 242 255 255 247 199 7 12 0 24 125 238 115 71 60 248 249 255 255 255 159 231 48 12 134 3 130 206 255 255 255 255 127 236 48 195 63 255 255 191 199 16 3 32 32 66 125 191 223 239 255 255 255 255 218 208 62 67 100 33 18 12 93 0
0 251 255 255 247 231 7 6 0 158 127 238 17 7 62 254 255 255 255 247 143 199 56 14 135 1 224 254 255 255 255 191 123 236 240 227 191 255 255 191 231 16 19 49 51 98 253 191 223 255 255 255 255 243 216 252 255 255 119 38 16 8 1 2
252 191 247 255 119 64 0 65 193 199 255 255 183 67 14 176 232 247 255 255 255 255 59 15 65 0 96 231 191 255 255 191 98 128 0 128 57 255 255 191 223 28 211 57 59 3 56 191 223 247 137 136 116 3 0 8 0 131 129 0 66 253 153 51
252 191 231 113 96 64 0 1 0 199 159 255 252 243 255 191 191 120 228 49 14 227 0 8 193 17 0 196 25 111 60 225 4 17 206 56 198 24 194 24 231 152 147 57 161 230 39 8 201 101 62 17 0 12 7 0 0 2 100 255 255 207 159 63
252 255 255 247 255 192 0 0 131 207 63 255 177 71 30 252 255 255 255 255 159 235 56 14 129 0 96 231 191 255 127 141 0 4 56 227 127 47 132 0 134 24 219 57 51 3 120 255 255 23 200 44 2 0 0 0 134 195 96 249 126 159 25 0
212 59 0 8 12 4 72 0 128 206 255 255 255 255 255 247 143 127 252 253 255 255 243 15 0 128 19 167 127 255 255 255 255 252 243 159 255 252 255 255 255 255 243 63 63 231 0 158 255 239 255 255 102 50 56 249 255 255 255 6 147 205 157 59
254 191 247 32 0 0 192 241 227 199 15 255 248 251 135 243 255 120 229 33 14 97 16 3 96 160 57 163 8 4 28 99 8 171 142 58 150 56 227 24 231 220 251 255 223 15 0 0 192 96 50 55 200 24 15 0 252 111 118 190 255 207 223 51
33 244 255 247 243 227 199 255 30 16 40 72 161 199 63 254 255 243 205 115 132 2 40 200 103 127 238 28 247 212 1 128 25 111 252 255 28 49 203 126 64 0 0 128 66 88 252 255 63 159 207 199 179 253 79 5 48 254 97 32 0 0 96 192
123 4 0 8 20 62 252 144 176 161 255 255 191 255 227 1 5 4 112 220 247 252 207 189 184 0 0 64 0 35 252 255 255 255 239 158 231 220 241 239 255 255 103 51 0 6 0 136 201 100 114 241 249 254 191 243 249 188 255 79 91 13 25 50
244 255 255 247 96 0 0 0 128 198 13 255 240 239 191 119 156 123 199 33 12 195 48 14 0 0 16 98 24 35 60 227 25 39 28 160 164 255 143 24 198 16 146 177 48 7 0 0 193 228 54 115 217 207 2 208 190 107 96 52 255 255 159 51
252 159 255 247 115 64 0 0 193 199 127 127 48 0 6 248 255 251 253 123 175 227 16 14 128 0 0 192 24 103 159 61 0 0 32 227 94 51 244 122 198 16 19 49 0 0 32 153 201 229 255 159 166 81 254 111 67 216 97 36 0 8 24 16
244 255 231 105 32 0 0 0 128 192 13 255 253 247 5 1 8 112 247 47 62 227 0 14 128 0 0 0 8 103 60 243 255 131 1 0 52 254 255 63 239 152 211 57 0 4 96 191 91 229 242 255 95 163 128 240 254 207 254 55 19 8 25 16
128 255 255 227 224 128 1 4 132 206 29 231 240 199 31 255 255 255 199 33 12 195 0 4 231 27 0 0 0 175 60 226 24 231 28 179 191 51 195 24 0 0 0 233 255 30 99 184 217 255 22 67 251 31 202 74 215 104 96 32 8 66 115 114
0 115 142 3 0 208 127 16 128 0 0 0 112 247 253 239 127 191 0 0 0 0 132 125 190 95 223 30 64 192 8 162 63 255 255 255 255 253 67 28 96 192 32 198 246 248 158 102 5 255 119 243 251 253 255 255 249 108 118 38 221 66 230 255
4 122 223 231 239 3 1 68 68 0 48 239 115 207 60 106 0 65 0 237 125 195 1 0 196 19 128 77 32 105 120 227 9 1 16 108 96 1 0 247 254 19 131 40 168 6 0 255 255 173 254 63 132 249 255 247 105 16 218 1 123 0 16 144
0 123 159 195 201 217 119 63 4 0 56 236 123 103 252 239 127 255 232 0 7 58 240 125 63 79 198 12 0 252 254 239 33 0 144 192 143 191 255 190 243 0 96 166 247 95 128 0 218 37 232 255 175 195 196 64 4 207 65 166 0 0 0 240
0 34 148 207 143 7 15 4 254 8 0 128 102 223 9 34 64 255 251 207 28 196 32 111 254 255 159 24 64 200 236 247 255 191 117 134 49 254 255 63 68 0 192 207 254 252 199 116 255 191 255 255 255 51 0 208 254 255 118 62 255 31 128 172
160 251 223 199 192 128 0 127 66 0 0 232 113 199 189 255 127 251 1 1 0 0 0 0 66 255 254 61 97 196 48 227 57 103 188 251 255 59 3 0 0 2 0 192 0 224 151 126 127 223 247 55 1 80 254 127 147 104 118 57 128 255 239 255
240 255 255 255 224 192 1 2 2 4 29 254 240 199 31 255 255 255 199 33 12 195 48 14 135 99 119 14 17 108 60 227 8 1 8 96 0 3 134 16 0 0 24 241 51 77 216 1 146 229 50 16 24 4 6 12 134 65 96 48 124 158 146 48
180 255 223 33 0 0 0 96 224 0 0 224 240 231 159 39 28 112 192 1 12 224 4 0 64 146 29 25 96 2 0 227 24 3 4 16 132 16 207 60 247 27 195 191 255 191 67 64 36 0 34 51 8 8 6 12 2 140 255 255 11 195 255 115
128 123 223 227 224 192 65 7 7 0 0 224 112 199 157 111 126 241 192 1 0 2 52 108 231 127 239 94 99 192 0 130 8 35 28 112 140 19 3 0 224 194 4 2 66 112 252 255 7 146 36 50 25 0 0 12 135 32 148 207 0 32 96 196
128 123 199 225 224 216 113 0 128 128 1 6 80 247 205 39 16 16 66 4 0 131 180 108 128 1 0 254 251 239 5 135 24 35 15 52 0 64 10 0 0 0 14 49 48 243 127 30 254 255 79 66 147 44 183 223 251 255 0 152 124 140 205 79
0 114 158 239 239 223 127 14 0 0 1 12 48 199 29 238 112 131 3 64 112 130 34 92 159 31 6 12 176 98 4 129 251 239 21 19 0 0 9 116 248 163 4 33 242 94 82 255 255 29 231 255 255 3 1 128 36 131 0 193 241 52 53 50
180 27 223 111 96 0 0 67 67 198 253 239 127 65 4 160 236 255 203 99 78 243 2 2 195 241 106 239 57 111 254 255 255 1 0 192 255 255 7 0 247 18 129 8 171 248 61 15 250 239 243 63 4 0 216 252 255 109 64 174 26 231 239 207
180 59 223 231 239 15 0 65 193 194 125 239 48 67 61 238 123 195 9 225 127 239 3 0 193 176 41 231 56 255 255 255 48 236 250 251 8 0 56 230 222 19 147 8 187 255 255 255 27 197 255 212 226 253 255 255 3 0 202 97 2 231 255 255
180 3 208 12 0 22 36 16 0 0 193 15 16 64 1 229 127 254 217 3 0 255 134 46 0 5 2 108 176 97 143 125 16 248 248 255 255 191 243 12 32 84 10 2 0 192 55 10 1 64 249 255 234 93 74 32 22 72 36 0 116 156 109 111
128 123 6 225 12 192 123 63 32 12 17 228 253 255 255 239 31 127 250 165 7 0 0 65 255 127 238 92 83 236 56 227 13 63 220 160 255 255 247 152 227 128 0 132 68 88 253 255 127 159 2 65 155 4 248 124 159 0 64 247 137 34 110 222
248 255 231 241 252 224 0 3 2 199 255 255 189 119 254 63 139 96 164 185 255 255 255 191 199 227 103 207 59 127 127 237 132 124 207 28 66 0 160 194 30 59 222 241 63 103 24 159 219 101 63 0 242 175 35 3 0 144 153 217 124 190 159 48
252 255 255 255 247 227 1 0 131 207 63 255 241 199 62 254 253 255 159 51 136 195 60 14 131 1 225 239 255 255 127 143 1 4 120 243 157 3 2 8 228 210 159 57 51 2 56 159 79 147 136 44 0 0 0 0 134 171 20 222 55 136 25 16
79 128 56 255 255 47 143 136 152 251 255 191 159 28 114 208 129 207 191 255 185 239 13 14 0 0 0 64 12 127 255 255 255 255 243 135 123 254 63 171 174 82 3 49 0 6 96 153 201 229 243 249 124 243 191 241 44 128 245 123 16 8 16 0
252 191 223 32 32 64 0 0 129 194 15 255 248 227 174 255 254 120 192 33 78 251 182 31 128 0 1 128 24 103 28 161 8 67 142 24 198 152 227 158 255 255 255 57 49 231 127 154 219 127 22 35 25 4 32 34 216 255 191 30 23 13 128 130
255 143 0 16 24 60 248 128 128 129 223 255 254 251 239 159 143 60 244 184 239 255 207 157 136 1 0 64 0 99 188 225 142 123 239 188 231 156 243 207 191 127 103 49 0 6 96 153 73 100 50 51 27 164 255 47 89 28 143 255 50 8 17 0
240 255 255 255 225 128 0 0 0 132 29 239 112 67 126 127 184 241 222 61 12 195 0 12 128 17 3 0 24 111 124 239 0 0 248 127 44 253 143 24 196 16 3 57 0 224 255 190 219 229 255 223 166 65 70 4 134 105 96 180 255 207 157 63
252 191 255 247 115 64 0 0 128 199 127 255 48 1 6 248 255 251 253 127 142 227 48 14 129 1 0 192 24 111 191 125 0 64 40 227 94 51 246 123 198 16 18 33 0 2 104 155 201 229 255 159 166 81 254 79 107 250 97 32 0 0 80 80
160 123 223 231 192 192 65 127 103 4 8 232 113 199 61 255 255 255 129 1 0 0 0 64 6 254 254 189 115 238 124 231 25 5 176 243 255 51 3 24 192 0 0 222 239 157 0 191 71 255 255 223 167 77 206 78 147 108 118 62 8 194 255 255
180 9 0 8 0 0 0 96 96 64 197 47 62 64 0 9 44 224 208 175 127 252 3 3 64 128 16 0 0 0 12 105 32 65 14 33 0 0 216 231 255 255 199 48 188 23 130 32 0 100 16 176 191 15 0 233 111 147 155 73 18 128 85 119
180 9 223 239 15 0 0 97 225 194 125 239 51 79 61 238 121 227 184 255 127 97 0 0 225 187 41 199 56 255 255 127 0 236 254 255 0 160 184 247 222 3 208 173 255 255 251 255 27 199 255 20 226 125 255 175 32 0 201 33 203 255 255 255
249 191 247 241 248 232 129 135 7 143 95 255 255 235 174 179 238 64 4 49 200 251 255 255 255 95 64 128 19 111 60 225 2 3 246 127 194 0 1 4 20 115 252 255 59 6 0 128 193 100 48 51 9 93 111 7 0 0 128 193 100 0 17 48
254 157 227 48 32 0 0 128 225 231 207 119 222 49 198 17 140 252 255 255 255 255 153 15 193 0 32 195 25 167 158 56 228 16 1 0 4 16 248 243 143 29 251 253 25 7 0 136 201 32 176 56 0 0 0 0 0 128 137 65 2 137 17 50
255 132 32 248 255 127 28 128 128 161 255 255 255 255 255 215 131 79 252 253 187 223 89 142 128 1 0 64 8 99 252 227 255 31 247 223 99 204 48 227 237 151 7 49 0 2 97 153 73 228 54 51 25 244 55 51 0 128 137 201 16 8 17 2
255 255 33 16 16 56 240 144 128 193 143 127 252 255 255 55 159 120 228 17 207 255 207 191 144 1 0 64 0 99 28 97 12 51 206 124 231 155 227 206 191 127 231 49 0 2 97 153 9 100 50 119 159 229 255 47 17 12 143 203 18 8 17 2
252 191 223 32 32 64 0 0 129 194 13 255 248 227 174 255 254 120 192 33 78 251 182 31 128 0 1 128 24 103 28 161 8 67 142 56 198 152 227 158 255 255 255 57 49 231 127 154 219 127 22 35 25 4 32 34 216 255 191 30 23 13 128 130
244 191 255 97 96 0 0 0 128 194 29 239 240 239 143 247 255 120 192 33 12 227 20 14 0 128 19 38 24 239 28 161 0 170 142 58 134 16 195 28 247 254 223 63 57 231 255 190 219 255 127 87 147 12 6 2 209 252 255 63 223 13 128 129
180 25 67 0 0 64 96 32 0 194 141 47 16 96 129 13 30 248 251 15 4 241 148 47 160 1 2 0 16 35 4 96 240 35 4 0 38 255 254 123 35 92 122 115 52 230 71 18 201 0 50 49 8 204 222 221 34 203 100 18 0 0 193 226
0 115 222 239 207 135 15 6 0 12 121 206 48 3 12 232 112 128 1 0 64 0 2 0 0 0 26 36 16 111 62 160 32 66 12 251 249 227 7 28 240 0 3 0 0 16 0 155 65 64 48 176 255 223 250 124 150 4 66 32 90 63 0 189
