251 255 255 243 112 224 192 35 0 199 15 255 241 255 255 247 223 127 237 49 140 227 56 207 3 97 18 0 17 38 124 227 95 255 255 186 215 188 227 24 198 24 18 48 35 215 82 0 200 236 114 115 217 158 43 163 157 252 101 36 27 128 85 247
255 221 225 63 48 96 128 241 225 255 255 127 151 21 126 29 141 247 214 53 142 247 190 255 241 165 33 131 191 255 255 127 167 252 255 255 255 255 211 9 247 254 255 63 255 247 127 24 200 32 240 247 255 255 255 255 255 124 118 30 215 197 133 255
180 217 223 96 224 219 55 19 131 255 127 255 155 111 189 225 206 123 99 96 223 251 247 191 255 245 99 130 191 127 253 149 211 172 249 255 255 59 225 205 191 127 255 59 191 231 95 18 200 241 127 222 255 255 255 255 251 124 126 62 2 237 129 239
254 255 255 247 241 224 128 1 0 131 31 255 241 255 255 255 255 127 252 59 142 195 16 8 0 224 255 175 16 100 120 227 63 255 255 255 95 188 251 26 199 0 3 0 177 241 255 126 0 196 242 247 255 125 123 191 249 124 118 36 18 196 239 207
252 255 255 243 112 192 0 0 128 128 31 255 241 255 255 247 255 255 239 49 142 227 0 0 131 243 127 46 24 100 124 227 255 255 244 247 191 63 243 28 199 16 3 0 191 253 255 126 0 197 114 243 255 117 88 82 215 124 118 36 18 192 239 239
251 255 167 240 252 252 255 131 0 143 159 254 156 51 206 48 247 8 36 184 225 143 255 252 159 31 64 196 27 111 63 144 68 242 222 127 255 137 112 222 24 229 60 255 115 78 113 155 217 0 192 255 239 253 255 255 89 124 255 1 192 63 177 50
252 255 255 247 240 192 0 0 0 130 15 255 241 255 255 255 255 255 237 49 14 195 48 12 129 33 3 134 24 34 124 227 63 255 252 251 223 61 227 24 198 16 19 49 49 230 255 126 56 128 114 243 255 93 110 38 249 127 100 36 144 239 239 255
251 255 227 112 252 252 251 131 2 223 255 255 191 127 255 245 223 12 244 249 255 255 251 159 255 97 67 132 191 127 255 253 215 188 243 158 247 143 240 255 223 61 243 49 191 127 3 158 251 33 97 252 254 255 59 34 73 148 235 101 18 197 213 55
248 191 231 249 255 224 128 131 131 199 31 255 255 255 206 178 203 108 181 243 255 239 59 14 0 96 113 230 57 239 252 255 255 159 227 158 255 239 181 199 255 187 151 49 0 224 125 11 218 239 178 249 255 63 184 120 218 151 254 255 27 12 8 136
176 123 239 255 255 223 1 2 2 134 61 255 119 223 126 254 161 199 124 255 255 255 55 14 130 65 98 230 59 255 255 255 175 124 251 239 123 197 240 231 255 19 19 49 0 224 127 155 219 239 219 255 38 112 52 54 79 252 255 63 18 8 8 136
148 138 255 175 2 0 0 96 225 234 117 239 115 74 62 255 255 255 255 255 15 225 0 0 0 128 56 231 126 251 254 235 59 111 252 231 255 255 255 255 255 156 3 24 0 128 44 255 127 255 214 243 251 253 254 255 127 93 238 247 27 13 8 8
255 253 255 255 51 0 0 192 227 199 15 127 240 199 63 255 255 255 255 255 191 227 24 6 0 160 121 231 121 247 125 231 25 111 252 239 127 253 252 251 199 152 131 17 0 129 60 159 207 239 83 243 251 253 255 245 40 64 224 53 27 13 0 0
244 255 255 247 241 0 0 0 192 192 12 255 241 239 191 255 255 255 255 63 142 195 0 0 192 16 0 99 8 1 56 227 59 255 255 255 127 253 235 24 199 16 3 0 0 0 253 255 255 191 70 243 255 247 249 243 249 255 117 36 18 13 12 8
176 253 255 99 96 144 0 67 66 4 44 239 241 255 255 255 191 255 236 33 14 66 0 0 66 242 95 173 57 255 124 231 63 127 255 255 207 156 243 28 231 144 3 0 138 240 255 0 138 161 112 243 255 245 255 255 251 124 102 54 18 13 4 204
244 255 255 255 96 192 0 0 128 130 13 255 240 199 63 255 253 247 197 49 12 195 16 12 128 1 0 64 24 103 60 227 57 103 124 243 157 49 195 24 198 16 3 33 16 6 0 152 201 229 242 255 255 215 201 195 241 127 254 37 18 8 89 50
251 255 255 247 113 160 128 128 130 133 11 242 241 239 255 255 255 255 255 49 142 0 0 128 0 16 25 32 121 135 116 231 63 255 252 255 255 61 227 24 199 0 3 156 210 255 79 16 255 162 242 243 255 127 250 251 211 108 100 36 155 239 175 255
254 191 227 253 126 64 0 0 129 199 255 255 255 255 110 176 203 102 253 255 255 255 57 14 0 0 16 226 25 255 254 255 255 157 227 138 119 255 252 227 223 31 151 57 17 231 127 154 219 239 243 255 111 179 248 251 10 128 129 128 123 205 153 43
192 255 255 247 241 192 1 4 132 136 25 254 240 239 255 255 255 255 237 49 12 131 32 12 132 1 3 0 26 239 60 227 127 255 255 255 255 255 247 28 196 0 2 177 48 6 64 191 223 239 242 243 255 255 255 255 251 124 100 36 0 8 16 0
148 255 255 227 224 192 65 0 0 142 1 230 241 255 255 255 255 255 255 33 14 131 48 76 135 11 0 64 0 160 60 227 63 255 253 255 255 255 255 28 198 0 16 33 48 6 248 255 62 143 114 243 255 255 255 255 249 110 100 36 0 0 16 144
252 255 255 247 0 64 64 32 32 0 5 255 240 239 255 255 255 255 255 49 14 225 16 15 160 3 0 0 0 32 60 227 27 255 252 255 255 253 255 28 198 0 0 0 0 28 0 128 193 228 114 243 255 255 255 247 185 108 100 36 24 4 16 48
255 255 227 112 120 104 128 129 195 199 15 119 152 247 255 31 158 64 164 57 173 235 121 143 251 61 97 255 249 37 16 0 0 35 143 56 230 223 239 63 12 16 144 161 27 34 57 203 1 64 16 64 155 14 160 248 254 255 103 54 0 8 217 26
244 255 255 247 0 192 65 32 32 0 28 255 241 239 255 255 191 255 239 49 14 227 0 0 32 18 28 168 56 103 60 227 59 255 255 255 255 255 227 24 198 8 67 8 132 17 0 133 0 192 114 243 255 255 250 242 255 125 100 36 18 229 52 53
244 255 239 243 97 192 0 1 129 198 13 255 241 231 255 127 191 249 228 49 14 195 16 12 129 0 0 192 8 103 60 227 57 103 156 121 206 25 227 28 198 16 19 33 0 2 109 153 1 228 242 255 191 197 101 226 253 125 126 36 18 8 153 58
160 59 134 0 0 0 96 119 247 78 8 225 110 251 204 35 79 255 255 239 31 122 240 67 127 250 255 255 99 140 48 211 206 155 229 198 127 255 254 155 231 28 240 140 223 185 132 100 182 138 162 255 95 113 252 124 142 105 116 62 139 195 230 253
244 255 255 247 97 192 0 1 195 0 12 255 241 207 191 255 190 255 239 55 14 131 48 68 1 34 21 136 41 67 48 227 187 255 255 255 255 253 235 25 198 152 147 61 19 167 79 124 251 173 242 243 251 255 255 243 249 124 100 36 147 237 189 63
254 191 231 249 255 238 0 129 129 207 159 255 255 255 238 50 129 110 190 253 255 255 127 159 131 33 97 198 127 239 244 255 255 221 67 4 35 206 189 167 191 127 215 57 51 38 57 223 255 139 255 255 239 187 145 240 253 1 0 255 191 175 153 18
244 59 195 96 96 64 0 0 193 198 13 255 255 255 254 35 15 120 224 41 111 255 247 31 193 1 32 199 57 231 252 251 207 157 227 28 198 152 249 238 191 253 255 59 63 7 33 154 255 167 242 255 239 243 181 35 248 158 46 223 255 223 157 59
252 255 255 247 97 0 0 65 64 199 31 255 240 207 255 255 255 255 236 49 142 227 0 0 64 144 58 229 25 111 60 227 25 255 255 255 255 255 255 30 199 24 3 8 128 208 119 155 219 239 114 243 251 255 251 243 255 109 118 52 26 205 93 15
254 253 227 251 255 237 0 128 129 199 143 127 148 81 71 16 129 239 23 183 152 199 56 142 129 0 32 226 25 231 127 255 255 243 65 134 187 71 16 89 228 211 147 57 17 3 41 155 255 239 255 255 103 178 216 94 209 255 255 62 159 207 157 50
160 123 223 239 64 128 65 127 127 4 24 232 97 223 253 239 63 247 248 47 14 98 176 67 119 254 228 249 99 77 240 231 255 255 255 159 111 220 242 127 70 220 251 254 79 128 165 108 246 137 98 243 255 246 253 255 121 252 33 4 197 80 105 255
252 191 247 255 255 192 0 0 0 199 255 255 176 95 255 254 255 103 188 249 173 239 57 14 129 1 3 132 25 127 255 173 127 255 255 191 223 140 176 210 206 251 159 49 49 103 90 154 219 127 213 255 255 179 41 35 1 16 191 255 23 141 153 32
107 255 255 255 223 161 0 0 128 129 11 223 240 199 127 254 185 231 255 255 156 194 8 12 128 1 0 64 0 239 252 255 57 109 120 225 9 229 158 57 132 0 2 32 0 6 0 129 201 228 243 253 174 65 70 4 0 192 97 32 16 8 16 0
240 255 255 243 225 0 0 0 195 198 0 240 241 239 255 255 255 255 237 49 14 195 48 6 0 0 0 80 64 131 116 227 127 255 255 255 255 255 247 28 198 0 0 160 0 2 0 128 193 239 242 247 255 117 252 126 155 108 118 36 155 47 16 0
79 238 255 23 16 96 227 255 127 255 19 144 192 175 255 255 191 251 236 17 134 32 184 227 255 189 128 144 199 155 1 128 59 127 255 253 206 16 194 24 67 204 248 238 255 255 3 64 236 127 68 227 187 108 247 175 193 72 36 20 255 210 247 255
249 191 231 241 240 224 129 3 2 4 31 255 255 255 254 243 143 120 132 49 206 243 62 159 231 115 7 0 17 110 252 255 255 253 255 191 231 24 195 28 247 126 211 33 63 102 67 0 218 239 255 215 255 255 59 179 217 108 70 0 0 0 209 50
255 255 255 243 112 32 128 128 128 199 7 247 241 255 255 255 191 255 236 49 142 128 8 204 128 9 0 0 0 35 124 227 63 255 255 255 255 221 243 28 199 128 0 165 48 6 0 128 201 238 114 243 187 124 127 183 253 127 102 36 27 0 16 48
180 127 231 235 96 64 0 1 129 130 13 239 112 195 13 47 188 245 215 47 12 195 16 12 129 32 63 174 24 100 60 227 56 255 255 255 255 253 219 27 198 16 19 0 177 241 255 191 27 133 242 247 251 255 123 177 0 104 101 36 16 196 237 207
255 132 255 255 23 34 128 255 255 127 254 251 255 8 50 248 255 255 253 255 143 255 8 130 97 240 253 171 127 255 255 255 103 76 240 255 255 255 255 255 255 220 131 8 255 183 2 4 67 128 248 191 100 113 126 244 254 79 102 54 27 69 196 255
75 244 174 223 17 32 195 255 110 89 50 16 128 255 31 247 223 117 197 19 132 32 168 227 118 223 196 125 231 221 1 132 223 191 22 128 247 255 215 30 66 136 224 254 238 27 241 255 127 31 69 98 93 150 0 64 22 75 100 36 137 243 127 18
235 255 255 247 17 0 128 224 64 197 31 255 241 239 255 255 255 255 253 49 142 227 40 143 64 128 16 33 0 32 124 227 27 255 252 243 159 61 243 28 199 16 130 0 8 17 128 161 16 196 114 243 255 215 201 195 145 108 100 36 16 4 68 196
244 255 255 243 225 192 0 0 0 0 0 252 240 255 191 119 158 113 196 49 12 0 0 72 0 27 14 12 0 0 48 227 25 255 191 62 196 16 195 24 198 0 0 140 224 94 144 230 33 0 32 115 155 4 0 8 134 235 97 32 0 34 114 246
254 191 227 249 254 236 0 0 129 199 159 255 255 251 254 59 139 64 252 253 255 239 57 142 129 33 33 230 57 239 252 255 175 253 255 127 99 204 248 255 255 189 147 49 49 34 41 155 223 255 191 197 251 252 255 47 120 254 207 166 155 141 153 0
107 132 56 16 255 255 255 158 24 49 226 16 207 188 243 16 130 8 62 222 241 30 255 252 159 31 0 64 4 19 196 114 255 255 247 158 98 72 48 231 57 103 12 34 0 2 0 129 193 96 114 243 255 255 185 19 0 150 159 219 0 0 16 48
176 123 239 255 247 223 1 0 0 132 29 254 247 255 255 255 17 71 252 255 187 215 49 14 131 99 231 238 59 253 252 255 255 253 243 223 127 212 240 255 239 21 19 49 32 224 255 255 62 143 255 255 255 247 249 255 105 124 255 63 27 12 136 138
255 221 255 112 120 248 240 129 0 135 111 255 255 255 255 247 159 56 100 48 128 155 252 253 187 45 3 128 25 255 253 231 159 255 255 255 255 155 227 156 251 255 255 255 247 103 83 26 255 255 71 227 155 244 254 254 223 124 62 255 255 207 25 0
254 159 255 127 50 64 0 129 227 255 79 247 211 9 62 251 255 247 221 115 142 227 56 135 193 160 97 231 255 191 246 74 34 72 240 251 221 253 255 62 231 156 243 189 29 35 40 219 109 154 206 191 160 89 78 4 190 255 119 54 155 239 159 19
251 255 227 248 252 236 153 131 0 7 159 254 252 243 223 63 131 0 52 184 225 143 127 188 207 127 71 4 17 110 124 255 253 245 223 63 227 140 48 130 255 255 255 127 35 100 214 182 255 255 223 239 231 255 255 247 137 48 191 255 255 31 0 128
255 191 227 112 0 0 192 243 99 207 143 247 252 49 206 27 175 120 196 1 132 96 4 163 96 252 122 229 25 39 22 104 0 80 203 125 239 27 131 24 231 254 255 30 207 129 124 155 201 0 0 0 0 12 254 255 255 40 20 255 255 193 72 73
240 255 255 255 96 192 0 3 3 0 12 255 240 207 127 255 189 255 255 55 12 195 48 14 3 227 127 172 49 100 60 227 63 255 255 255 255 252 243 25 198 16 19 16 187 247 255 127 26 133 242 247 255 117 121 179 217 108 100 36 0 237 237 223
240 255 255 227 224 128 0 67 195 70 28 255 241 239 255 255 255 255 253 63 14 227 48 2 195 243 127 239 57 68 48 227 127 255 255 255 255 252 243 31 198 16 147 9 187 240 255 126 58 141 242 247 255 247 249 243 249 108 100 36 2 239 239 239
248 255 255 241 240 128 0 67 195 198 30 255 255 255 255 243 255 121 228 113 239 227 48 14 0 224 127 239 1 108 252 255 255 255 255 154 198 24 241 254 255 27 147 16 59 241 255 38 16 237 247 243 233 191 41 227 85 20 203 228 27 141 132 143
251 255 255 23 80 240 227 178 239 223 62 114 128 207 63 255 255 255 197 17 130 179 188 231 179 12 64 66 0 0 112 228 25 239 252 255 255 255 199 24 33 220 250 255 87 167 235 249 48 76 66 113 152 252 255 255 155 108 100 18 197 187 25 2
148 0 0 12 36 31 44 249 255 255 255 167 15 24 224 249 255 255 255 231 15 20 248 111 89 8 0 193 143 31 255 28 102 88 240 227 31 61 250 248 103 135 240 247 64 162 39 0 128 96 184 188 224 89 78 223 231 121 93 36 128 170 235 255
0 0 16 12 2 22 126 126 255 255 249 131 15 8 224 249 255 255 255 195 7 0 192 65 56 220 217 99 0 0 130 88 38 252 252 247 255 255 247 157 231 140 96 4 196 152 132 0 0 64 190 183 235 253 254 126 152 110 102 54 155 68 70 196
79 252 255 147 17 225 227 191 47 31 63 30 129 199 31 127 254 241 196 57 134 0 184 237 183 111 247 132 151 252 79 4 17 230 30 57 204 186 239 62 66 136 96 196 69 88 4 0 192 247 127 192 255 255 251 227 8 252 255 53 205 50 102 228
248 255 255 255 97 0 0 67 66 68 30 255 241 199 255 255 255 255 255 55 142 227 48 14 67 227 86 141 57 103 124 231 57 255 252 161 255 255 255 24 199 24 147 48 43 247 127 30 202 229 127 209 255 247 222 84 144 239 117 54 18 205 157 191
251 255 255 255 1 224 192 160 32 1 11 254 241 255 255 255 255 255 220 49 142 227 56 143 160 227 127 191 121 228 120 227 63 255 255 191 255 252 255 28 198 8 64 145 255 255 255 255 63 135 114 243 255 7 32 32 152 111 100 36 128 231 255 255
251 255 255 247 17 32 192 231 99 1 14 249 241 239 255 255 255 255 237 49 142 96 56 195 99 251 255 191 113 196 112 227 59 255 255 191 255 190 227 28 199 152 208 156 255 255 255 255 63 139 114 243 255 23 248 255 255 125 100 36 139 231 230 199
75 254 255 255 17 32 192 255 110 95 51 145 128 199 255 255 255 255 255 247 143 96 8 128 247 251 255 191 255 154 97 134 127 255 252 255 63 125 242 152 231 152 193 8 255 31 24 247 255 154 197 255 255 119 249 15 0 2 64 231 27 65 118 84
75 228 254 159 17 32 195 255 126 121 50 17 129 223 255 255 255 255 253 241 143 32 8 193 119 251 238 93 247 152 65 132 63 127 252 251 223 29 242 152 231 136 224 140 239 24 0 239 255 26 197 255 255 255 3 0 5 0 255 37 137 99 118 16
75 252 255 151 17 32 227 255 127 95 50 144 193 207 191 255 190 243 204 25 132 32 136 227 127 223 232 89 199 153 97 134 59 239 191 185 206 248 239 63 66 136 232 206 204 8 0 237 247 146 197 243 187 166 5 0 188 239 33 148 255 31 18 176
252 255 239 243 240 192 0 3 3 6 31 255 249 231 159 127 190 249 196 49 140 227 56 14 3 99 102 128 49 111 124 231 249 231 151 31 254 24 195 24 198 152 147 49 35 228 255 0 136 239 115 115 9 8 6 2 213 108 100 36 91 141 9 10
180 153 255 255 255 255 63 0 155 191 255 255 31 9 62 248 247 159 127 114 128 159 254 255 159 37 225 230 255 255 255 63 35 76 240 243 31 1 16 72 32 67 188 247 51 43 121 191 1 192 255 158 224 249 79 135 245 127 8 154 128 186 187 18
248 255 231 255 247 192 0 0 0 128 31 255 247 255 127 118 137 255 255 247 158 231 56 14 0 0 16 230 57 239 252 247 255 255 87 132 191 254 255 29 231 152 147 49 48 227 253 255 255 239 119 243 121 191 144 240 255 255 103 54 27 12 0 129
251 221 255 255 31 32 128 227 99 199 47 255 255 197 62 250 235 239 133 241 205 255 15 128 96 144 24 161 57 3 16 97 0 1 0 96 0 3 140 100 150 25 131 8 191 23 0 192 1 0 50 49 28 0 0 12 6 131 235 97 18 69 68 245
248 191 255 247 243 0 0 67 67 198 31 255 243 207 62 254 248 227 237 127 191 227 48 14 195 225 99 133 17 108 252 239 43 109 60 239 120 253 255 255 207 24 147 33 59 87 0 130 217 239 255 191 160 88 110 252 255 255 64 36 18 0 80 48
176 255 207 227 233 193 1 2 2 0 28 254 253 255 255 247 159 125 224 33 15 227 48 14 131 67 68 76 33 237 252 231 255 255 247 159 231 156 131 144 199 18 19 49 2 2 181 45 146 239 247 243 105 178 57 179 217 32 80 237 27 12 25 186
79 166 32 24 156 62 253 148 244 249 243 151 142 58 195 17 129 4 254 222 255 253 207 149 253 23 0 0 0 59 239 254 198 248 75 4 119 254 125 163 159 7 36 32 0 6 227 57 8 228 255 29 0 2 176 252 47 1 0 0 0 0 1 2
249 255 255 243 64 128 64 98 98 4 14 255 241 255 255 247 255 127 228 49 142 227 32 11 226 211 79 15 57 103 52 227 255 255 255 191 223 252 235 24 198 152 195 57 190 103 27 6 130 239 247 255 255 19 32 32 158 111 100 54 159 207 159 191
254 159 227 48 0 0 0 0 225 255 223 247 255 191 230 145 207 126 252 33 12 225 16 7 192 0 1 227 24 39 28 224 207 155 7 128 247 18 198 152 255 255 255 63 189 167 3 152 201 96 48 49 25 142 250 255 255 57 126 255 131 237 153 59
254 255 239 241 127 224 0 128 129 223 255 255 191 127 254 248 139 255 255 63 140 235 60 142 131 1 32 198 25 63 252 253 231 253 255 239 59 12 2 0 4 26 223 251 59 7 40 155 201 100 242 245 255 255 27 2 0 0 0 128 32 249 251 50
79 236 127 23 144 113 247 255 255 59 34 144 193 255 27 247 222 123 199 18 130 48 156 241 125 62 160 217 230 153 65 128 91 175 189 182 246 123 199 24 33 252 255 126 68 0 0 193 255 186 68 99 217 190 254 95 211 110 36 146 231 24 16 16
180 59 231 255 247 199 1 0 128 206 255 255 255 255 255 47 128 127 254 253 255 255 49 14 131 1 0 194 59 255 252 255 255 61 243 140 33 252 255 191 255 156 147 49 48 38 121 155 255 239 251 255 255 247 17 145 184 239 102 38 27 141 25 2
176 123 207 227 239 207 1 3 131 134 29 239 255 255 255 231 31 111 32 241 127 207 50 12 3 96 96 192 57 239 252 247 223 61 242 152 195 143 53 132 223 19 19 49 3 0 5 152 219 239 127 89 0 255 255 231 249 4 250 125 18 0 64 234
251 253 191 240 251 255 191 223 2 5 11 124 249 225 190 127 178 8 36 48 225 11 123 248 223 127 78 4 113 230 92 239 185 255 191 61 202 136 33 198 249 227 21 6 251 94 83 118 255 255 255 215 227 191 179 179 249 7 94 255 191 55 0 32
223 255 255 247 241 49 128 199 69 67 6 241 241 239 255 255 255 255 252 49 138 211 184 206 64 160 180 253 255 131 112 231 63 255 254 251 223 189 251 28 231 212 131 16 8 241 255 94 254 139 194 243 255 215 239 231 249 108 102 6 19 128 64 207
252 255 231 241 252 232 0 0 128 199 159 255 255 255 255 247 255 72 244 249 239 255 123 142 131 1 33 198 57 255 252 255 255 255 255 155 199 136 240 254 255 253 211 57 51 231 255 191 219 255 255 215 225 250 255 167 73 252 255 54 27 141 153 2
79 236 255 151 17 97 231 168 172 255 35 18 193 207 63 247 255 255 237 19 134 0 8 197 164 8 0 192 223 155 101 134 255 255 255 191 223 60 195 24 227 136 2 32 0 6 0 137 255 186 231 255 105 56 191 255 151 108 100 36 17 12 93 48
75 252 239 159 1 32 195 254 108 89 50 16 129 223 255 255 191 113 220 185 174 32 136 195 255 159 142 25 198 152 65 128 25 55 94 232 207 151 198 16 70 136 240 237 255 94 243 254 255 127 69 99 187 207 2 0 0 192 241 37 137 115 127 34
223 132 113 63 55 39 128 253 121 123 231 49 199 28 34 240 255 255 255 243 140 101 24 130 64 160 56 161 246 147 199 16 127 139 32 194 159 63 215 24 132 152 155 16 8 129 4 0 192 112 212 191 237 223 200 76 130 66 0 0 64 184 8 169
79 254 236 255 21 32 195 255 127 95 50 144 128 255 255 127 157 117 150 145 140 32 8 193 119 254 252 145 198 152 33 128 29 63 255 255 239 5 146 92 198 136 208 206 207 28 194 112 253 30 64 99 153 12 0 0 0 223 239 36 137 115 118 64
251 255 255 243 241 0 128 194 64 199 15 255 241 239 255 255 255 255 237 49 142 227 8 130 194 209 74 103 0 0 120 227 59 255 254 251 159 60 227 24 198 16 131 8 170 80 144 98 48 140 114 243 27 4 4 140 215 109 100 36 18 101 36 4
4 98 4 137 143 31 31 12 156 24 0 128 111 255 249 231 19 0 48 200 127 253 247 127 220 3 132 94 102 152 224 231 31 63 246 152 195 128 48 230 24 35 140 225 0 0 160 255 39 138 119 127 9 203 247 255 79 20 187 249 0 0 0 192
79 228 255 31 144 113 231 188 189 187 50 16 129 134 59 255 188 179 199 16 130 48 188 255 247 15 128 80 198 155 7 128 25 102 28 33 12 19 207 24 1 236 252 231 4 2 0 129 197 114 4 66 25 4 0 12 246 255 37 18 109 0 16 16
254 159 247 253 118 64 0 65 193 199 223 255 254 75 46 176 255 255 255 243 143 227 56 14 193 160 33 227 25 239 190 255 110 137 224 243 255 255 255 191 199 152 147 57 57 231 127 26 219 239 255 63 100 89 222 12 2 238 247 54 27 205 221 127
132 123 207 227 239 207 1 79 207 254 29 161 0 135 157 110 50 201 32 33 9 207 55 2 4 224 251 179 223 191 53 132 25 102 156 33 138 3 0 64 132 19 31 16 139 241 127 250 253 190 79 194 255 7 0 0 0 128 129 65 114 141 128 255
176 25 223 239 255 223 63 2 159 254 253 230 223 255 255 255 63 15 56 224 97 223 119 28 143 97 225 255 31 61 248 230 31 63 242 152 199 159 63 132 0 100 63 251 19 224 189 10 0 224 119 27 0 192 231 239 251 108 50 16 230 255 169 0
75 246 46 147 208 189 255 158 14 157 51 144 129 183 223 127 150 25 100 24 130 158 239 253 158 5 128 80 199 191 109 134 25 38 156 104 231 223 79 8 33 236 47 115 0 6 32 255 255 191 207 111 135 3 0 104 190 255 5 158 53 0 0 0
180 25 223 36 32 208 96 115 0 70 13 109 16 1 165 207 126 255 195 33 6 251 246 127 255 255 103 132 17 38 159 111 251 239 189 183 191 123 195 136 55 254 252 231 127 94 208 3 184 164 255 247 235 255 255 247 209 40 54 255 165 62 16 0
207 255 63 17 240 121 177 148 4 255 19 176 216 163 159 255 254 255 71 16 194 217 222 190 156 5 128 16 66 138 32 226 56 99 148 115 158 25 67 128 181 102 182 255 48 6 0 240 253 138 66 115 25 0 0 12 144 39 254 123 8 0 16 48
255 255 255 113 112 240 241 128 131 135 15 254 248 227 6 17 204 56 199 48 130 179 254 255 179 101 225 254 121 237 56 251 200 129 128 126 182 121 227 93 35 108 120 243 19 226 191 10 128 239 58 0 0 8 94 255 255 125 102 0 192 190 171 2
223 255 111 48 248 63 128 215 71 79 22 241 249 227 138 51 198 88 37 49 203 219 223 146 64 224 63 161 2 238 62 59 0 0 136 126 214 249 107 132 21 116 159 16 9 129 6 0 192 231 24 0 16 12 254 191 250 110 2 0 126 159 128 255
75 230 60 145 144 59 255 156 12 25 19 144 249 230 155 247 255 155 5 16 195 152 202 152 156 19 128 84 126 139 96 227 123 239 188 179 255 59 67 132 241 39 39 57 0 66 253 255 254 138 226 243 251 158 232 126 223 37 126 111 18 73 89 0
75 255 46 145 208 184 251 254 255 9 18 208 237 247 222 255 255 253 4 16 199 62 238 243 126 222 253 123 99 136 240 255 127 247 210 27 223 16 97 196 255 111 228 255 223 31 128 228 55 130 247 217 224 255 255 255 81 60 223 255 128 243 247 51
251 159 226 253 246 246 253 247 2 5 223 252 254 91 110 16 129 4 254 255 183 127 253 255 255 239 70 4 49 254 191 191 254 216 99 14 33 252 254 187 111 3 240 166 127 126 251 2 158 165 241 252 127 243 21 177 252 255 84 0 0 32 98 194
128 123 207 227 224 0 1 127 239 78 16 224 105 247 221 103 30 121 240 45 14 99 0 2 119 254 255 191 103 140 48 194 221 55 215 12 70 152 242 255 239 16 209 140 255 249 255 118 54 138 66 123 9 162 177 179 9 88 237 247 130 227 238 239
79 254 239 19 144 241 255 156 173 25 2 144 225 255 159 119 222 57 228 26 130 187 255 253 181 102 247 254 255 155 96 130 25 39 158 126 214 249 235 8 33 236 126 115 0 224 63 78 230 155 70 127 223 127 251 43 248 255 5 190 36 8 128 136
75 254 239 155 144 241 227 255 239 95 18 144 192 135 31 127 252 241 199 19 128 51 252 255 54 228 244 177 231 159 97 134 253 247 215 95 255 115 243 127 35 252 122 86 6 129 68 209 36 146 65 243 255 247 9 48 125 255 5 150 245 28 0 137
255 255 227 120 252 252 136 129 1 3 158 255 255 255 255 23 129 0 244 189 185 255 127 142 0 224 247 255 57 96 112 227 223 31 199 28 64 196 120 235 173 127 31 17 49 225 189 254 51 137 50 49 72 255 255 39 8 248 189 218 127 221 223 9
225 255 255 243 240 224 193 167 6 0 26 248 241 255 255 255 191 255 196 49 140 35 56 207 167 235 223 28 32 68 120 227 31 127 254 185 207 156 195 24 198 152 219 253 255 239 223 100 18 197 114 243 187 12 34 34 249 111 100 4 207 211 239 255
176 249 223 103 96 208 32 83 3 254 127 255 59 15 60 249 254 251 195 33 14 243 182 127 247 125 98 132 29 63 254 248 115 239 189 147 158 18 195 220 247 255 241 39 127 118 251 187 24 108 144 177 121 28 14 222 7 0 135 195 251 223 223 18
160 251 223 1 0 128 96 118 255 206 28 227 107 231 188 239 126 251 192 33 78 243 240 127 247 232 225 255 255 223 51 128 123 3 180 251 254 187 243 127 87 252 251 255 95 35 57 223 111 219 7 192 255 93 238 126 95 221 39 182 191 239 255 27
251 157 34 112 126 255 152 219 2 7 239 127 255 253 230 16 131 8 52 252 251 255 255 191 219 71 2 0 17 103 156 97 239 159 231 28 67 252 61 167 8 48 152 96 35 6 0 128 219 125 54 195 255 191 49 177 252 247 0 0 100 16 16 48
251 159 162 240 126 236 220 163 0 7 207 254 254 251 198 16 131 0 188 254 255 255 255 159 255 119 66 132 17 103 156 241 206 155 199 12 67 204 184 231 30 59 220 33 39 6 0 129 219 125 18 51 255 175 33 161 124 151 1 128 32 0 16 48
255 255 255 243 112 224 128 3 0 199 15 247 241 255 255 255 255 255 255 49 142 227 56 140 131 97 115 132 17 166 60 227 63 255 252 179 159 60 243 28 198 16 19 1 51 247 255 51 0 239 242 243 251 20 8 0 144 252 101 36 16 4 128 0
180 123 199 255 239 197 0 3 1 0 28 255 255 255 255 254 27 64 252 255 63 231 49 14 1 34 52 8 0 236 252 231 255 255 255 255 67 132 240 255 255 17 19 48 1 133 199 60 219 239 255 255 255 117 249 191 9 220 255 37 18 136 93 43
127 196 255 118 19 33 128 233 251 247 110 19 131 4 190 255 255 251 236 113 143 243 8 130 96 176 57 35 132 244 223 111 1 108 60 225 206 19 192 0 135 28 143 8 140 241 135 0 0 255 255 196 243 207 250 239 195 64 32 16 18 77 132 255
254 255 255 255 1 64 64 32 225 207 31 255 241 223 255 255 255 255 204 49 142 227 0 1 225 16 40 231 24 39 124 227 63 255 254 187 207 16 194 24 199 24 211 41 148 34 125 139 136 224 242 247 187 20 39 2 209 106 100 36 2 65 1 0
251 255 35 240 255 237 223 131 3 255 255 247 159 55 254 252 251 8 36 56 225 139 123 253 239 125 235 134 159 255 255 140 119 254 254 153 219 10 32 198 24 35 84 239 247 30 0 0 192 96 253 255 255 3 32 34 77 20 219 65 0 64 255 126
33 115 0 208 255 255 255 14 2 4 254 254 255 255 254 255 127 12 60 216 227 159 255 253 158 71 199 12 55 254 254 239 15 252 254 185 199 140 48 198 255 239 55 55 34 228 87 22 219 37 0 0 144 12 163 47 89 0 222 79 145 140 137 175
255 255 255 243 241 32 128 193 195 199 14 255 241 239 255 255 255 255 237 49 142 227 24 134 0 160 57 227 41 231 60 227 27 127 252 177 143 28 239 28 199 24 147 16 8 225 239 60 154 133 114 243 187 4 0 0 144 108 102 36 26 141 128 141
254 253 255 247 51 0 128 193 227 223 63 127 145 199 255 255 191 255 255 255 191 225 0 0 0 160 249 255 255 255 125 231 25 109 252 255 255 125 240 17 199 152 147 24 157 241 255 126 14 223 91 193 251 253 127 2 0 66 248 117 155 207 239 255
107 255 175 209 248 191 179 150 6 1 26 216 248 227 158 255 255 152 4 16 195 223 255 190 223 199 199 28 33 236 126 255 121 229 254 251 223 153 99 132 61 119 44 3 34 68 250 5 146 239 243 245 251 92 254 239 219 44 18 202 96 0 0 128
255 255 255 255 255 224 0 128 129 207 255 255 255 255 126 240 235 239 189 255 189 239 63 142 129 224 115 231 63 255 255 191 111 0 16 192 17 7 132 0 134 254 159 57 59 231 127 158 255 167 0 8 28 64 204 15 2 0 128 217 119 221 157 59
240 255 255 247 225 192 0 0 0 132 29 255 241 207 255 255 255 255 253 59 14 227 0 12 0 0 27 38 24 110 124 227 59 255 254 255 95 24 242 126 199 24 3 25 178 247 251 58 24 237 247 247 251 20 47 3 64 218 237 53 27 205 157 7
255 255 255 243 240 224 129 131 1 7 31 254 255 255 255 255 191 127 228 49 142 243 60 143 135 99 231 255 123 236 248 231 63 127 254 185 199 156 203 24 167 220 219 57 59 231 255 127 62 143 55 17 0 12 6 4 184 111 100 54 255 223 141 207
240 255 239 241 96 0 0 64 64 64 30 255 255 255 255 115 142 127 254 255 255 227 0 10 192 211 127 239 57 111 252 243 255 255 255 142 119 252 253 255 255 25 147 57 168 0 16 135 219 239 114 115 89 246 191 247 121 223 75 166 27 77 24 16
176 123 223 227 224 192 0 71 71 78 8 224 112 199 189 239 126 249 192 33 14 195 32 0 71 242 255 191 251 204 48 131 25 103 188 127 206 17 195 28 247 18 145 8 255 249 222 247 63 159 6 195 255 255 255 255 209 124 126 37 2 231 238 253
180 255 255 239 97 64 0 65 1 194 29 239 241 223 31 247 253 255 223 35 14 195 16 10 65 177 58 165 0 100 124 227 89 167 252 247 191 127 207 24 198 16 147 8 41 192 150 34 17 229 114 115 89 84 78 28 150 67 96 180 27 0 72 237
244 191 255 229 96 0 0 67 65 0 28 255 240 195 255 255 255 255 237 113 15 227 16 2 67 179 44 9 32 100 60 227 24 107 172 241 159 255 255 127 198 16 147 40 171 23 194 190 19 229 242 247 255 207 200 249 255 253 103 36 18 65 0 247
207 255 255 243 240 96 129 231 231 9 2 240 241 239 255 255 255 255 239 49 142 65 56 207 71 234 228 249 99 200 48 227 63 255 253 179 191 127 247 28 198 144 208 181 73 0 160 237 6 203 114 243 255 255 251 83 241 110 100 36 128 32 32 0
255 255 255 243 240 96 128 129 195 199 31 255 241 239 255 255 191 255 236 49 142 227 56 134 129 160 113 231 25 7 48 227 191 127 255 253 239 221 243 127 199 16 147 49 25 161 61 203 1 192 114 115 185 109 114 50 95 93 102 36 18 140 153 1
128 59 223 229 138 192 65 36 36 8 16 128 0 2 12 14 0 224 130 5 20 32 0 1 36 0 128 0 2 8 34 136 160 96 13 5 40 64 143 1 2 8 64 0 4 0 0 0 0 0 128 128 0 240 255 255 1 0 129 0 0 0 0 0
176 255 223 1 0 16 96 114 226 64 0 96 112 227 255 255 127 248 0 0 66 48 134 113 48 204 125 255 121 197 0 0 24 103 254 127 206 17 195 28 115 252 239 127 206 225 255 255 39 155 4 66 187 253 255 255 249 124 118 22 223 255 175 143
255 143 96 124 126 110 136 129 255 255 255 255 255 255 66 16 129 127 255 255 191 255 248 199 129 160 241 239 63 125 252 177 255 255 255 142 255 255 255 159 239 156 210 49 25 163 45 175 211 1 0 224 255 255 255 255 249 124 118 38 153 174 157 1
132 255 255 255 243 193 1 7 135 14 28 232 240 199 127 255 255 255 223 49 136 195 48 12 135 98 247 190 123 204 48 227 25 255 253 247 255 3 0 0 0 0 18 17 51 245 223 102 54 139 66 243 251 255 255 119 193 64 0 128 32 176 253 255
176 123 207 227 224 192 0 71 231 78 12 225 96 247 253 239 63 255 192 33 14 195 0 0 71 240 255 255 255 143 48 130 29 127 254 185 207 159 195 24 231 16 147 8 255 249 255 126 255 191 4 227 187 14 2 0 144 72 100 255 18 231 238 207
255 157 225 120 126 110 136 129 243 255 255 255 159 61 230 16 129 126 255 255 255 255 251 159 193 32 97 231 159 55 208 216 255 255 71 132 35 254 252 247 255 255 247 61 27 35 249 255 32 0 242 187 104 187 145 240 111 149 155 239 187 255 255 27
255 159 33 240 254 255 191 129 129 175 255 255 255 255 255 17 131 0 124 255 255 255 251 158 223 99 35 134 63 255 252 247 255 191 247 94 67 204 248 255 255 255 179 49 59 103 11 158 255 161 96 251 255 255 255 47 104 254 207 38 16 0 145 242
255 132 241 255 247 39 132 201 223 255 255 255 151 24 34 240 225 231 159 255 252 231 56 134 0 224 249 255 255 255 255 255 247 136 32 194 121 231 159 55 222 250 159 25 8 225 253 143 130 255 255 204 118 19 248 255 255 127 0 0 18 189 8 137
255 157 225 120 126 255 156 129 131 247 239 255 255 255 246 17 128 12 126 253 255 255 251 159 219 33 96 198 125 255 255 179 207 252 79 4 33 220 252 255 31 253 251 255 255 15 40 255 95 199 0 0 80 174 17 241 44 223 255 127 159 255 255 63
95 196 255 255 19 33 130 255 255 255 127 17 129 4 62 255 253 247 223 127 142 97 8 128 103 248 255 255 255 253 243 12 33 108 124 227 29 53 210 24 231 24 193 8 207 249 189 110 55 223 205 132 224 93 79 3 0 72 228 119 27 197 238 205
127 132 249 255 63 35 132 239 255 255 255 247 143 8 34 240 255 255 255 255 191 255 8 130 64 224 251 247 255 255 255 63 103 8 240 227 255 255 244 145 199 156 131 24 8 225 127 2 0 231 253 158 70 241 254 127 2 0 0 0 82 141 0 205
128 123 207 239 225 209 1 71 71 78 24 224 64 223 125 103 28 113 0 33 8 243 55 2 71 240 255 255 251 205 49 130 25 39 31 56 196 144 203 12 164 16 1 0 139 249 253 255 127 159 4 98 155 15 3 0 184 239 102 32 18 196 110 205
255 133 224 255 255 103 140 128 209 255 255 255 247 95 66 144 193 231 159 247 156 199 56 142 0 160 113 231 63 127 252 255 231 157 65 128 57 103 158 17 198 146 147 49 0 225 255 191 250 237 255 223 230 3 216 248 135 1 64 252 19 205 141 9
251 159 32 240 254 254 189 131 0 135 223 255 255 251 238 17 131 0 252 255 255 255 255 159 255 99 71 132 59 255 255 255 255 252 255 63 67 204 248 239 191 63 242 49 63 119 83 22 223 37 0 48 232 254 63 35 104 254 203 0 0 0 145 178
235 255 39 80 248 253 251 255 6 1 158 252 253 255 223 115 143 24 36 176 227 255 255 255 255 231 230 12 33 252 252 255 255 189 243 255 255 9 97 198 63 255 255 35 47 70 210 37 146 239 51 65 80 116 254 255 219 20 254 95 16 8 16 0
223 135 255 247 243 35 128 207 223 255 126 243 251 8 2 240 255 251 237 115 140 67 24 130 64 224 255 191 255 252 243 255 123 129 176 243 223 191 231 158 247 220 147 24 9 225 28 255 119 131 255 255 79 81 236 111 154 236 103 6 147 141 128 141
107 247 166 208 216 191 255 255 6 5 250 252 255 255 254 243 207 8 36 208 239 255 255 255 255 71 198 12 33 252 252 255 255 253 251 159 199 8 97 198 255 255 231 34 46 70 210 0 146 239 50 1 112 12 251 255 83 20 223 255 17 8 0 176
148 123 71 161 32 192 113 0 0 128 1 238 120 255 205 39 14 0 128 40 100 161 3 12 128 3 23 46 56 96 32 227 255 183 135 24 0 0 8 96 138 3 3 17 48 241 255 127 62 9 66 251 95 163 1 131 0 0 0 128 48 128 204 207
251 191 35 112 252 255 255 131 0 7 255 254 255 255 254 179 135 8 52 248 247 191 255 156 159 99 71 132 49 126 252 243 207 223 255 30 195 136 240 255 255 37 50 33 51 118 82 18 219 101 16 0 24 188 255 47 73 252 255 35 16 0 144 32
223 132 240 191 183 55 132 255 255 255 254 179 135 30 99 240 255 255 253 243 239 255 251 247 64 224 241 251 239 223 243 158 255 154 96 194 255 255 255 159 255 252 178 16 8 128 4 129 231 251 205 255 127 19 248 255 251 252 71 0 80 60 8 137
244 255 239 255 229 64 0 0 128 128 13 255 240 199 95 126 185 255 255 255 30 195 0 12 0 0 17 98 24 103 60 231 255 247 21 0 57 118 222 57 198 16 3 49 16 161 111 24 8 228 242 255 255 243 217 209 0 64 96 37 16 140 157 11
244 255 207 97 32 192 96 119 0 70 29 255 253 247 255 255 255 255 193 33 4 115 254 127 255 239 103 133 17 108 124 227 61 119 252 241 223 63 135 8 55 254 255 127 127 71 210 34 152 237 50 17 0 12 6 108 223 41 20 254 183 8 17 48
251 191 163 240 255 239 157 131 0 135 255 255 255 255 255 55 131 0 252 253 191 255 121 142 143 99 67 132 59 255 252 231 159 255 255 127 66 140 248 255 143 17 18 33 51 70 82 18 219 101 16 48 24 124 63 39 104 254 233 32 16 0 17 48
107 151 62 16 248 191 191 255 127 1 90 248 239 255 254 243 255 95 36 240 239 127 255 251 127 231 196 8 35 204 188 227 127 255 255 187 255 27 97 132 255 127 164 0 2 4 0 133 65 0 48 243 251 159 184 250 215 4 158 255 16 8 16 176
235 255 38 80 248 255 187 151 2 5 191 254 255 255 255 127 135 8 36 240 255 159 251 156 31 99 70 12 49 252 252 231 191 255 255 255 239 8 240 215 255 183 51 57 51 71 210 0 154 231 80 243 251 252 255 191 89 124 255 45 27 0 0 160
235 191 167 208 248 248 241 151 2 5 30 254 254 255 255 255 255 24 36 176 239 255 251 159 191 99 70 12 1 236 60 227 31 255 255 255 255 9 241 198 255 63 55 32 35 70 210 1 218 239 118 243 251 125 254 255 95 52 255 127 26 0 16 0
180 123 223 227 233 192 0 0 128 128 13 239 113 231 157 111 62 97 128 41 108 195 16 12 0 0 17 98 0 100 60 227 249 231 247 127 254 137 163 30 198 16 3 49 16 161 128 32 144 229 242 243 255 253 255 55 153 108 96 36 18 128 192 97
180 123 207 225 224 192 0 0 0 128 13 239 112 247 141 39 28 253 131 33 94 195 16 12 0 0 19 38 24 103 60 227 152 35 5 0 0 0 128 116 198 16 3 49 48 225 127 186 217 229 114 51 9 0 6 0 0 192 97 36 16 136 201 251
240 255 255 247 241 192 1 2 130 132 30 255 241 207 191 255 255 255 239 51 14 130 32 4 130 80 65 66 41 103 60 227 123 255 252 179 191 63 247 28 198 0 0 169 146 254 255 62 218 165 242 243 255 22 8 72 150 253 101 36 26 79 207 2
254 191 227 112 124 236 24 128 129 199 159 255 254 251 207 19 131 0 244 189 255 239 121 142 139 1 32 194 25 239 60 163 140 19 231 126 64 140 248 243 223 27 147 57 51 6 0 155 255 255 6 0 145 109 115 179 249 254 91 44 18 173 153 50
254 191 231 249 127 0 0 193 193 199 223 255 255 255 238 240 203 110 189 251 255 227 24 14 0 160 48 161 57 111 188 243 255 155 230 128 83 14 244 255 223 25 147 57 25 231 7 26 219 109 16 59 13 130 168 239 7 144 255 37 155 207 159 63
254 255 255 255 51 0 0 193 227 223 63 255 241 199 127 255 253 247 255 255 142 227 24 6 0 128 112 231 27 127 124 231 25 111 124 239 125 245 210 27 231 24 131 48 0 128 44 191 89 4 96 243 251 125 122 60 142 105 116 62 27 141 8 8
254 191 231 253 127 0 0 0 193 199 255 255 255 255 110 176 201 110 255 255 255 231 56 14 193 160 51 167 25 255 254 255 255 157 99 134 51 238 156 144 206 155 215 57 57 229 127 155 219 101 176 184 124 23 248 91 250 255 255 60 223 141 153 11
240 255 255 247 97 192 0 0 0 0 0 254 240 207 255 255 255 255 255 51 14 227 0 0 0 16 0 0 0 67 60 227 59 255 253 255 255 125 243 28 198 16 3 56 0 230 255 255 62 143 98 243 251 253 255 55 249 254 100 36 18 72 201 207
107 253 175 19 80 176 227 190 34 5 58 94 177 231 159 127 158 249 230 21 130 50 236 239 182 79 70 12 33 252 127 165 25 38 156 96 6 27 194 24 33 204 232 247 102 78 144 5 146 247 61 192 255 255 251 243 135 124 37 150 237 58 16 16
248 191 255 247 251 226 0 3 2 134 31 255 251 255 255 255 191 123 140 113 205 255 63 14 131 65 66 132 25 111 252 231 191 255 255 255 199 8 161 132 255 255 159 49 51 102 123 0 216 237 247 247 255 0 33 11 1 0 0 193 127 157 153 50
240 255 239 243 225 128 0 66 0 0 0 224 240 255 255 127 156 113 230 45 12 0 0 0 66 27 12 24 96 0 48 227 25 39 28 32 4 18 206 24 198 0 0 128 226 30 0 0 192 0 0 115 153 142 3 0 160 235 96 32 8 98 118 116
248 191 231 241 255 224 128 3 0 199 159 255 255 255 255 255 191 104 180 249 237 239 63 142 195 225 99 132 57 255 252 163 31 127 255 184 255 11 176 198 255 255 151 49 59 102 123 18 218 255 95 231 191 143 32 34 73 16 159 255 127 13 153 58
254 255 231 249 253 96 0 129 129 199 255 255 255 255 254 255 175 100 252 253 191 255 57 14 129 32 49 230 57 255 254 239 175 92 251 109 67 220 248 255 239 157 147 57 17 161 40 155 255 127 0 192 191 229 255 47 104 146 8 4 127 141 153 59
254 255 239 243 241 241 0 129 207 223 63 247 145 255 255 255 191 255 246 49 143 251 188 14 129 96 241 247 223 189 113 132 29 55 252 255 255 255 247 159 255 252 147 49 1 160 61 139 0 127 69 98 155 125 254 124 255 255 255 62 19 141 9 0
255 252 255 55 49 96 128 193 255 255 127 115 129 5 190 255 254 255 239 113 142 243 184 135 1 160 241 247 207 189 251 111 33 108 60 225 191 255 255 191 231 220 251 61 9 161 253 137 132 128 251 196 162 207 222 253 254 255 255 127 159 141 25 0
240 255 255 255 97 192 0 67 67 70 12 253 240 207 63 255 188 255 255 55 12 67 48 10 67 243 255 191 123 4 48 227 27 255 253 255 191 253 207 24 198 16 208 157 255 253 255 126 54 136 98 115 251 253 255 255 255 105 96 32 202 247 239 207
223 252 255 31 16 240 227 189 32 1 55 254 241 199 127 255 189 255 207 17 130 16 188 237 247 31 226 94 0 0 0 192 25 39 252 255 255 23 195 24 97 196 240 239 119 110 255 255 63 223 63 3 1 124 254 15 128 72 100 54 128 58 59 0
252 255 239 243 249 64 0 67 195 70 30 255 255 255 255 243 143 105 252 255 191 227 48 2 67 226 127 175 33 108 252 255 255 255 247 136 71 154 240 210 207 27 147 0 155 241 255 191 19 239 247 251 105 187 185 35 1 0 249 253 27 205 140 205
244 255 239 251 96 64 0 0 128 128 13 255 240 255 95 119 156 113 198 61 12 195 0 12 128 0 19 38 24 99 60 227 255 255 31 12 229 210 198 24 198 0 3 17 48 245 94 18 216 109 114 243 27 4 0 0 0 235 101 36 18 140 140 13
75 254 255 243 17 32 195 236 108 25 18 144 225 255 255 255 159 121 196 49 142 32 8 129 100 26 140 16 102 154 96 231 25 255 255 189 198 24 195 24 199 136 65 8 204 31 224 255 127 130 32 113 249 46 3 0 0 0 192 229 155 69 86 214
79 196 255 247 19 32 192 232 120 113 119 255 243 76 62 255 188 251 207 117 142 96 8 128 224 155 8 1 4 115 236 233 43 79 52 225 12 19 206 120 198 24 65 8 172 30 0 184 217 0 178 179 8 0 4 12 6 219 225 52 26 103 127 116
251 253 255 240 27 32 128 224 224 193 14 127 240 193 7 18 248 224 167 63 189 227 9 128 227 147 8 65 0 0 28 97 0 3 0 64 0 35 140 97 206 27 129 8 140 22 160 249 1 108 50 57 0 0 0 0 6 131 217 33 26 65 85 84
248 255 239 243 240 192 0 3 3 6 31 255 249 231 159 127 158 121 196 49 140 227 56 14 131 99 6 128 1 110 124 231 249 231 151 31 198 24 195 24 198 24 147 49 35 230 255 62 24 239 247 243 41 32 49 179 217 124 100 52 95 141 137 11
248 191 255 255 255 128 0 67 67 198 31 255 243 207 126 254 185 231 254 255 255 227 48 14 195 225 98 129 17 110 252 239 59 109 112 229 123 255 255 183 206 24 147 32 43 6 0 129 217 237 251 191 0 64 254 253 255 255 96 36 18 0 16 48
252 255 239 255 247 224 0 1 129 199 31 255 247 223 15 242 253 231 253 255 255 227 56 142 195 97 3 128 57 255 255 191 79 188 248 239 127 39 240 83 198 152 211 189 187 103 91 190 255 255 223 207 70 240 110 6 0 0 250 101 223 255 159 59
254 159 227 124 118 96 0 128 129 199 15 127 246 217 254 255 191 230 132 49 136 227 62 191 193 1 33 194 57 103 28 99 62 255 255 191 137 0 0 0 4 16 154 243 59 39 41 191 251 45 50 1 184 12 7 2 193 254 253 56 12 234 255 51
251 135 247 253 126 34 128 231 119 111 66 241 255 251 34 240 255 254 13 83 136 103 14 130 64 224 255 255 123 132 176 210 111 139 240 219 155 37 147 92 246 249 131 24 8 225 4 102 119 155 130 187 93 81 255 143 249 254 254 255 31 13 0 137
180 255 239 243 239 193 1 1 0 130 29 255 241 255 255 246 155 111 188 241 255 227 16 12 0 32 18 164 24 239 252 255 159 61 243 254 227 141 177 148 255 19 3 16 32 213 86 154 219 239 127 221 255 255 255 243 249 36 90 109 18 132 68 205
248 255 231 241 253 236 0 131 131 199 191 255 255 255 255 247 143 64 252 253 255 255 121 142 131 224 247 239 59 253 252 255 255 255 255 255 71 140 240 255 207 29 211 57 51 225 255 62 26 239 243 255 255 245 255 255 75 124 239 52 155 191 137 11
75 167 182 157 240 255 63 0 128 128 19 158 242 219 255 191 181 150 68 80 194 255 239 60 128 3 0 64 0 107 188 231 255 255 255 191 255 252 67 132 189 118 15 33 0 6 33 136 217 255 215 255 255 183 57 242 255 47 22 251 16 8 1 0
75 166 52 157 240 255 63 0 128 129 19 158 240 255 255 255 183 223 71 80 194 159 238 60 128 1 0 64 0 99 172 231 255 255 247 159 255 254 67 128 177 102 6 33 0 6 33 8 216 255 247 255 127 2 0 24 150 37 246 127 16 8 17 2
75 196 188 31 17 241 255 188 60 57 243 28 128 30 59 245 253 191 255 31 134 48 236 237 180 15 0 64 132 27 77 4 17 36 28 160 4 55 222 121 1 204 104 230 0 2 0 129 201 253 127 79 215 199 128 64 32 251 165 16 125 0 16 16
251 159 226 127 246 247 255 147 2 167 255 255 191 95 126 17 129 22 254 254 178 255 255 173 255 127 66 132 17 38 252 249 255 223 99 4 33 252 255 43 0 0 48 192 51 30 0 128 217 109 210 251 255 247 17 208 44 203 97 176 8 54 50 48
251 157 34 112 126 255 152 219 2 7 239 127 255 253 230 16 131 8 52 252 251 255 255 191 219 71 2 0 17 103 156 97 239 159 231 28 67 252 61 167 8 48 152 96 35 6 0 128 219 125 54 195 255 191 49 177 252 247 0 0 100 16 16 48
251 255 255 243 112 224 128 131 2 5 14 255 241 255 255 255 255 255 237 49 142 195 56 142 195 243 127 63 33 228 124 231 63 255 255 191 255 252 255 28 198 0 16 0 35 96 156 167 3 197 114 243 251 52 56 48 152 108 100 36 26 14 0 0
180 123 231 255 239 196 0 0 0 0 28 255 247 223 255 238 9 101 252 255 63 231 49 14 129 35 23 14 48 236 252 231 255 127 247 255 65 132 248 255 206 17 19 49 49 231 255 191 219 239 247 211 127 117 127 39 104 146 201 164 18 0 192 192
252 255 255 241 112 192 0 3 195 6 30 255 255 255 255 255 191 255 198 241 207 227 48 0 3 242 127 239 57 111 252 239 63 253 255 255 255 24 225 148 255 27 147 25 155 225 255 15 2 229 255 247 226 252 255 247 215 4 254 111 27 205 128 137
75 132 32 152 255 255 255 158 158 57 226 16 143 60 242 28 129 4 124 254 247 255 255 255 158 3 0 64 0 0 200 104 183 255 255 239 99 204 248 239 63 111 6 32 0 0 128 253 125 28 0 128 248 255 255 179 40 158 137 128 120 28 16 0
255 132 96 124 63 111 94 128 128 179 231 63 150 24 99 16 129 6 31 244 208 239 31 60 128 0 0 64 24 243 223 127 255 249 67 4 33 68 28 33 0 254 15 33 0 2 0 136 217 255 255 207 64 178 21 145 240 227 16 222 127 13 25 48
255 255 255 247 241 32 128 193 195 199 14 255 241 239 255 255 191 255 236 49 142 227 24 134 0 160 57 227 57 231 60 227 27 127 252 177 143 28 227 28 199 24 147 16 8 225 111 62 91 133 114 243 187 4 0 0 144 108 102 36 26 141 128 141
235 255 191 209 240 187 177 150 134 5 30 255 251 239 255 255 255 255 103 17 130 218 172 172 22 70 213 8 35 108 252 227 127 255 188 145 255 127 103 28 33 244 43 123 50 7 130 36 219 101 50 17 240 159 202 76 146 236 119 2 68 185 49 48
148 251 255 231 161 0 0 0 128 128 1 174 112 199 63 255 255 251 201 33 12 0 0 0 0 16 24 96 56 99 44 227 24 103 252 251 223 57 131 16 0 128 11 120 0 224 39 24 73 224 114 115 169 92 110 38 145 104 0 0 246 253 173 239
176 27 215 237 110 0 0 0 0 0 0 0 0 0 44 14 0 226 2 4 80 0 2 16 0 0 0 0 0 0 0 0 128 0 1 117 168 67 1 5 16 32 0 0 0 0 0 0 0 0 0 0 0 240 255 255 251 124 2 0 0 0 0 0
75 255 38 17 208 184 251 255 110 9 18 208 237 255 255 255 159 125 68 16 130 126 238 179 126 230 223 57 99 136 112 231 159 255 255 156 231 28 67 128 49 254 239 90 142 129 134 100 39 139 119 243 251 175 49 179 145 108 0 222 247 255 12 0
132 255 255 255 243 193 1 7 135 14 28 232 240 199 127 255 255 255 223 49 136 195 48 12 135 98 247 190 123 204 48 227 25 255 253 247 255 3 0 0 0 0 18 17 51 245 223 102 54 139 66 243 251 255 255 119 193 64 0 128 32 176 253 255
251 191 35 240 254 255 255 131 0 143 255 254 255 255 255 179 131 8 124 252 255 255 251 157 191 115 3 132 59 127 252 161 223 191 255 126 67 136 240 255 255 255 51 33 51 102 83 30 219 165 118 243 255 255 249 47 73 156 207 4 16 0 129 178
255 133 224 255 255 103 140 128 209 255 255 255 247 95 66 144 193 231 159 247 156 199 56 142 0 160 113 231 63 127 254 255 231 153 65 128 57 103 22 17 198 146 147 49 0 225 255 191 218 237 255 223 230 3 216 216 135 1 64 252 19 141 137 9
251 255 226 248 255 239 153 131 2 135 255 255 255 255 255 23 131 4 252 253 191 239 121 140 143 115 66 132 59 255 252 227 223 255 255 127 65 204 248 251 207 1 19 33 51 70 82 146 219 101 16 48 24 252 63 167 248 254 104 32 16 8 17 32
251 255 163 240 255 239 153 199 3 15 159 252 252 243 255 127 179 0 52 253 255 207 121 136 15 115 98 132 17 110 252 239 189 125 251 125 66 136 240 255 223 1 16 0 35 16 0 129 193 228 251 255 170 249 247 167 105 252 255 53 16 0 80 0
235 191 167 208 248 248 241 151 2 5 30 254 254 255 255 255 255 24 36 176 239 255 251 159 191 99 70 12 1 236 60 227 31 255 255 255 255 9 241 198 255 63 55 32 35 70 210 1 218 239 118 243 251 125 254 255 95 52 255 127 26 0 16 0
254 191 231 253 127 224 0 1 1 199 223 255 255 255 110 176 201 102 156 255 252 231 63 142 129 33 99 231 57 111 188 241 206 155 111 138 81 254 255 255 255 249 211 57 59 227 253 255 255 5 38 0 64 30 2 240 254 223 254 255 155 141 25 0
79 132 255 255 247 255 191 255 31 57 98 16 195 8 34 240 247 131 13 122 224 3 191 240 23 30 0 192 231 147 199 158 127 139 32 194 88 163 12 98 120 231 31 102 0 6 0 129 205 255 215 255 255 211 232 75 250 254 255 255 63 0 16 48
254 255 227 249 253 236 0 129 129 207 159 255 255 255 255 23 129 76 54 181 253 255 255 255 131 33 97 198 255 255 245 215 255 255 215 28 35 204 25 129 30 255 255 255 51 38 121 255 127 0 192 243 127 182 17 241 253 33 16 0 192 184 185 18
252 255 255 247 113 0 0 65 65 199 31 255 240 207 255 255 255 255 255 49 142 227 16 2 65 160 59 167 25 111 60 227 25 255 255 255 255 255 243 28 199 24 147 25 185 245 255 26 218 237 114 243 251 253 254 118 217 254 118 36 18 197 239 239
240 255 239 243 225 128 0 66 66 0 28 255 241 199 31 119 156 113 246 63 62 227 48 14 195 227 255 191 57 100 56 227 153 39 4 0 0 16 204 123 198 16 147 17 255 253 255 126 50 128 114 255 255 199 1 1 0 130 233 117 26 197 239 255
223 204 255 55 16 0 128 241 255 255 255 255 159 47 50 241 255 255 255 243 143 96 0 128 64 176 249 255 0 0 0 224 103 223 244 255 255 255 243 159 247 24 3 0 136 176 188 1 0 0 48 48 249 253 255 246 223 253 119 54 26 69 68 196
248 191 255 247 251 235 0 2 130 134 31 255 251 255 255 255 191 127 12 113 207 255 63 14 131 99 67 128 25 111 252 231 191 255 255 255 199 8 1 128 183 127 159 49 51 102 91 0 128 229 247 247 255 0 0 2 0 0 0 192 118 157 153 50
249 255 239 241 240 224 129 7 0 4 31 255 255 255 255 255 159 120 196 49 142 195 56 140 135 99 71 4 17 110 252 239 255 255 255 159 231 24 195 24 132 0 16 33 51 230 215 0 218 239 247 247 255 255 57 35 217 104 64 0 0 224 255 255
95 252 255 23 16 96 227 185 169 223 63 31 129 239 255 255 255 255 253 17 134 32 184 239 49 172 179 39 132 56 125 229 59 47 244 225 159 191 255 126 67 140 240 255 255 31 0 129 251 36 227 255 191 79 64 232 255 255 110 52 207 146 83 48
128 255 239 251 225 0 1 68 4 0 0 224 240 199 31 119 156 113 198 47 12 0 0 0 196 27 8 0 64 2 0 128 24 231 31 127 36 80 138 24 196 0 0 136 128 30 0 0 254 255 127 3 129 252 55 7 232 74 64 0 64 112 118 64
128 255 255 255 255 195 3 7 4 8 16 128 64 199 63 254 248 231 143 243 253 227 50 14 135 99 230 156 255 255 127 239 57 100 56 243 251 231 133 0 222 19 19 49 51 6 80 191 255 255 255 207 167 65 220 124 135 0 210 33 16 0 81 0
244 255 255 243 225 0 0 0 193 194 4 227 240 199 31 127 252 251 239 55 14 195 0 0 0 128 57 243 72 1 48 227 25 39 28 96 28 51 206 120 198 0 0 128 128 249 255 127 32 255 119 127 159 1 192 76 6 200 229 37 24 239 174 143
251 255 239 241 253 224 128 131 2 199 63 255 185 255 255 255 191 104 164 241 255 255 63 142 131 97 99 134 57 255 255 239 63 255 255 153 199 8 161 198 255 255 151 49 51 228 127 19 218 255 223 39 0 0 0 44 87 21 158 255 63 12 0 128
75 230 44 19 16 48 251 255 255 255 179 144 129 191 255 127 140 16 68 152 247 60 255 247 127 12 0 64 134 255 255 166 191 254 255 61 4 220 203 166 59 255 12 32 0 2 0 129 193 96 48 112 24 44 55 7 56 134 151 203 0 0 16 0
244 255 255 243 96 192 128 119 99 2 28 253 241 239 255 255 255 255 199 33 12 99 48 203 247 255 255 191 49 68 48 227 27 255 253 255 255 127 195 24 70 216 249 223 255 255 255 118 54 128 114 243 251 253 255 255 151 104 32 148 239 255 255 111
123 253 255 247 17 224 194 170 32 1 3 16 128 197 31 255 255 255 239 115 142 32 8 193 231 27 74 220 255 231 5 6 24 34 28 227 255 51 230 88 199 136 65 0 246 94 120 255 255 255 207 207 167 65 204 76 6 0 65 164 187 68 68 214
75 230 36 209 255 255 191 158 30 57 18 144 204 162 138 58 226 8 36 216 241 255 255 190 159 7 128 80 231 139 32 130 8 210 255 127 251 169 33 198 24 103 44 98 0 6 0 129 229 250 132 167 255 13 0 0 28 255 255 25 0 0 0 0
248 255 255 255 97 192 0 67 67 70 31 255 241 207 63 255 188 243 207 127 142 227 48 14 195 227 127 47 0 100 124 231 27 111 60 160 4 244 255 127 199 24 147 25 0 224 255 126 26 197 114 115 25 0 4 12 2 206 255 53 18 200 205 207
3 64 24 158 255 255 255 255 30 56 224 144 239 254 249 242 67 15 125 222 243 31 255 255 255 239 223 28 70 216 251 255 255 255 247 159 255 252 243 255 127 253 32 0 127 252 223 36 150 255 255 223 231 243 185 179 121 30 14 130 0 0 64 196
79 230 44 19 144 255 255 156 140 187 19 144 201 166 154 115 246 157 71 240 247 255 255 255 188 1 129 86 222 153 96 222 249 229 144 19 158 19 113 229 255 47 36 33 48 98 189 64 36 234 255 223 231 251 255 7 81 252 255 43 0 0 0 0
255 255 231 251 16 32 192 224 96 193 3 247 240 193 6 26 232 224 135 63 188 224 8 128 224 147 8 71 0 32 28 99 8 1 0 0 0 2 204 127 198 25 193 168 172 26 0 32 1 239 254 63 6 3 0 0 6 147 239 119 0 99 119 48
79 230 60 17 240 255 255 156 255 9 18 152 168 66 10 49 246 159 71 240 243 255 255 183 28 34 149 56 34 216 239 255 255 236 177 87 190 48 113 229 255 103 38 17 16 165 134 36 214 255 27 0 0 248 255 15 113 254 255 42 0 0 0 192
248 255 239 241 240 192 0 0 0 0 31 255 249 231 159 119 158 121 196 49 140 227 56 14 128 227 127 47 16 108 124 231 25 39 150 24 198 152 195 24 198 24 147 25 59 225 255 62 18 239 119 127 15 195 229 231 249 108 100 52 223 223 143 15
244 255 239 251 255 229 1 1 131 142 31 254 241 255 255 127 153 109 254 253 191 231 56 14 135 1 224 230 127 255 125 231 159 63 247 108 33 220 250 255 239 152 147 49 0 224 255 255 127 159 103 127 9 0 116 189 6 0 254 255 27 12 137 139
223 252 239 251 49 224 67 0 128 129 63 62 176 215 223 127 152 113 246 191 255 129 0 12 128 0 0 0 8 35 76 229 153 39 20 0 0 0 252 127 199 1 2 32 0 166 239 0 128 100 119 83 29 134 213 207 33 16 235 245 16 8 1 206
79 254 63 147 241 249 179 223 12 95 51 16 128 231 159 247 254 89 4 48 195 219 255 255 255 239 231 29 214 252 109 132 123 167 150 90 198 24 99 140 125 255 254 103 127 4 216 255 21 146 245 255 13 0 236 15 251 190 190 223 5 0 16 0
254 191 227 125 112 224 0 128 129 199 15 255 246 219 255 191 189 246 4 49 136 195 62 255 195 33 33 194 57 103 28 227 62 255 255 191 133 0 2 0 4 16 146 247 59 39 41 155 255 175 34 1 176 12 7 2 209 254 127 56 0 186 251 51
79 236 255 31 145 49 99 0 128 153 51 30 145 198 27 247 255 243 221 27 134 176 140 12 128 0 0 64 0 35 12 224 25 39 20 64 4 19 254 126 163 0 2 32 0 0 7 8 193 100 55 80 157 207 251 239 35 72 237 35 16 8 73 250
252 191 231 241 240 192 0 1 129 198 31 255 255 251 254 251 255 255 245 49 142 243 52 14 0 32 48 224 25 111 252 255 255 255 247 223 255 253 243 156 231 24 147 49 1 129 4 155 219 239 178 17 0 56 62 14 144 238 103 182 18 136 24 25
203 255 255 147 144 32 128 247 103 207 19 241 241 255 255 255 255 255 231 49 142 64 8 128 119 249 159 17 66 138 116 231 255 255 255 191 255 252 239 28 231 16 193 140 255 29 218 1 0 192 242 243 255 247 249 241 184 255 101 32 202 119 54 0
180 255 223 243 239 193 1 1 1 2 28 239 241 255 255 254 251 239 172 241 127 227 48 14 1 32 55 168 57 239 252 255 255 253 255 255 255 252 179 148 223 18 19 49 1 129 88 151 218 239 255 255 239 59 57 48 156 39 82 109 18 128 80 81
244 191 255 247 240 255 1 0 128 128 13 254 242 255 255 255 191 223 124 49 138 223 55 12 128 3 0 64 24 239 252 231 255 255 255 157 239 220 75 136 165 22 3 49 16 38 111 154 219 255 255 247 33 8 0 0 156 43 84 251 16 8 129 170
75 132 60 31 18 32 230 254 255 121 250 25 131 255 255 255 255 255 252 17 132 48 140 227 124 30 128 73 134 17 193 196 63 255 255 255 255 253 243 28 35 220 233 110 4 0 5 252 1 0 240 247 255 255 251 243 249 108 102 22 4 0 0 254
254 221 255 54 48 96 128 225 227 255 127 127 145 13 191 255 255 255 255 51 142 243 184 207 243 225 97 231 157 55 85 68 17 111 252 243 255 127 247 127 231 220 251 255 255 231 255 90 168 0 63 208 187 252 222 254 255 253 255 55 223 223 143 239
75 230 255 159 240 255 127 0 128 128 19 158 241 255 255 247 255 255 69 16 130 151 142 60 128 1 0 0 0 99 236 231 255 255 244 144 135 28 67 140 243 103 6 33 0 6 99 25 216 239 247 255 13 0 0 0 144 175 222 255 16 8 0 130
255 133 48 28 22 224 254 160 176 255 239 22 130 191 255 159 159 32 252 248 255 32 248 255 160 9 0 64 0 3 12 96 0 127 255 253 255 135 144 82 74 137 64 36 0 6 0 129 201 252 255 127 3 0 0 0 222 131 254 5 89 8 16 16
75 246 63 147 208 187 119 0 128 137 19 150 241 239 255 255 191 251 68 16 195 250 238 60 128 1 0 64 0 35 108 231 255 111 180 144 134 16 65 132 247 103 6 32 0 6 0 0 200 236 247 255 13 0 4 0 148 181 255 255 16 0 0 128
79 196 32 24 16 32 248 252 252 249 3 16 196 255 251 87 159 127 254 29 134 0 136 225 120 28 0 64 196 3 4 0 0 0 12 32 0 16 252 120 227 137 96 238 68 14 0 152 255 58 0 32 159 7 129 201 39 216 253 37 129 63 51 48
193 255 255 243 240 224 193 231 6 0 26 248 241 255 255 255 255 255 196 49 132 227 188 239 247 255 199 28 32 72 56 227 27 47 244 249 207 255 207 24 0 8 216 195 63 92 210 100 50 133 114 115 25 12 248 255 255 111 100 48 0 50 242 254
251 151 226 125 246 255 255 191 2 5 255 254 255 127 102 17 129 22 126 254 178 6 184 200 31 31 0 0 17 103 188 241 255 223 103 4 33 252 127 63 64 0 48 228 98 14 0 128 219 109 182 243 127 247 17 0 0 206 193 180 137 58 17 48
255 132 96 60 63 111 30 0 128 163 231 127 255 124 98 16 128 6 31 148 144 255 15 12 128 0 0 64 24 255 255 127 199 152 67 4 32 228 15 129 184 255 15 49 0 2 33 152 217 239 219 45 68 178 145 145 248 175 22 222 247 191 29 58
223 255 255 19 0 32 192 247 103 207 31 247 241 255 255 119 158 121 230 17 142 112 184 239 247 255 255 133 91 46 116 227 223 63 151 16 6 24 203 152 231 254 255 255 255 239 219 0 128 128 114 123 29 175 1 3 0 8 148 71 131 241 225 243
252 255 255 243 249 192 0 1 0 199 31 255 176 195 15 244 255 255 253 255 255 255 56 14 129 33 35 230 57 255 63 181 0 0 0 192 30 35 228 224 255 255 151 57 49 99 120 159 255 255 77 14 228 223 202 224 7 1 1 192 115 157 153 19
75 183 54 208 223 191 255 255 126 13 18 208 238 235 174 178 226 8 44 222 243 62 239 243 126 206 220 57 231 136 48 194 234 3 134 8 66 136 56 231 25 39 236 222 206 31 0 197 103 155 0 33 25 4 33 169 15 0 155 65 224 55 16 16
244 255 255 255 243 192 0 0 131 134 30 255 243 207 62 242 252 243 207 243 255 227 48 14 128 0 0 192 57 239 252 255 123 239 60 247 255 255 135 16 198 24 147 49 0 2 5 8 219 239 247 255 255 255 255 243 129 100 243 53 27 13 0 170
252 255 255 241 96 0 0 65 65 198 31 255 251 239 159 51 140 112 228 63 14 227 16 10 65 161 58 165 57 111 252 255 255 175 147 12 68 216 234 251 239 155 211 61 187 231 19 0 218 239 242 255 95 34 49 35 40 138 254 255 255 223 157 59
225 255 255 247 241 225 131 135 7 15 31 240 241 255 255 255 255 127 252 49 142 227 56 207 199 227 255 255 255 255 113 199 27 39 52 192 6 19 226 120 198 152 210 157 59 225 255 126 62 159 71 107 1 0 4 12 70 251 109 36 139 235 238 207
79 132 255 255 23 34 196 237 125 113 126 31 163 8 34 248 255 255 253 115 140 32 8 129 229 255 31 1 4 18 230 253 115 255 252 255 255 255 243 30 230 8 193 140 255 255 71 118 123 12 194 247 255 255 255 247 249 124 118 38 138 231 239 103
252 255 231 241 96 0 0 0 128 198 31 255 252 247 223 119 159 124 252 191 191 227 48 14 128 1 0 192 25 111 124 231 221 255 255 255 127 252 250 187 207 152 147 57 0 2 33 8 218 239 115 113 248 255 255 255 249 72 64 36 27 13 0 130
75 196 188 31 19 32 230 255 127 121 242 17 129 4 254 255 191 255 252 249 255 32 136 193 127 251 238 127 132 16 227 110 33 124 254 255 255 255 243 22 199 136 240 204 255 251 253 1 0 108 217 245 226 255 255 255 251 124 98 36 137 115 226 223
252 255 255 247 115 64 0 0 128 199 31 255 176 199 255 255 255 255 204 113 142 227 48 14 129 1 0 128 25 239 125 231 25 255 255 255 255 159 243 28 231 24 147 49 49 7 3 0 219 229 115 241 187 12 38 60 223 127 102 38 26 12 145 179
48 121 207 235 225 129 0 2 2 4 8 64 0 1 0 224 127 255 3 2 0 2 32 0 2 64 64 0 1 4 16 144 121 255 255 255 255 255 211 28 0 0 0 0 2 224 7 0 193 32 192 243 255 255 255 255 251 124 0 128 32 0 128 239
75 196 254 31 19 32 194 232 252 253 115 23 129 4 51 252 255 255 255 255 255 32 8 193 246 219 255 127 142 16 67 4 17 238 252 255 255 253 255 255 255 137 192 140 254 248 13 0 0 80 77 64 187 92 254 253 126 255 239 38 137 227 255 100
251 191 162 240 255 255 191 131 2 143 255 254 190 127 255 31 131 0 252 253 255 143 121 140 143 115 66 132 25 39 180 225 191 255 255 127 67 140 240 255 205 1 19 32 35 68 18 146 201 96 242 247 251 255 255 167 73 252 239 32 0 0 0 32
251 191 162 240 255 238 153 131 2 7 159 254 252 251 255 62 131 0 188 253 253 143 121 140 139 115 66 132 49 39 20 225 255 255 255 127 67 140 240 255 206 1 19 32 35 68 18 146 201 96 242 243 255 255 255 167 73 252 239 36 0 0 0 32
251 191 162 240 254 236 153 131 2 135 159 254 252 243 207 62 147 8 180 191 189 143 121 140 11 65 66 132 17 39 20 224 28 255 255 127 67 136 240 255 206 1 19 32 34 68 2 146 201 96 114 243 255 255 255 191 73 252 239 36 0 0 0 160
251 255 34 240 255 236 153 131 2 135 159 126 188 243 255 63 147 8 252 189 189 143 121 140 11 65 66 132 17 39 20 224 20 127 255 127 67 136 240 255 204 1 3 32 34 68 2 146 201 96 112 247 251 255 251 175 73 252 237 36 16 0 0 160
251 255 34 240 253 237 153 131 0 135 143 126 188 241 255 127 191 8 52 185 237 143 121 140 11 65 66 132 17 39 28 96 4 119 254 127 67 136 240 255 204 1 3 32 34 68 2 146 201 96 240 247 255 255 255 175 73 252 239 32 16 0 0 160
251 191 162 240 255 236 152 130 0 133 143 127 188 243 239 254 255 8 188 251 237 207 121 140 139 67 66 4 17 103 28 97 20 51 254 127 67 136 240 255 206 1 2 32 34 70 82 146 201 100 48 243 255 253 255 167 73 252 239 32 16 0 0 0
251 191 163 240 252 236 152 131 0 135 159 127 188 243 207 62 255 8 244 255 255 207 121 140 139 65 66 132 25 103 28 225 20 51 238 127 67 136 240 255 206 1 2 32 34 70 82 146 201 100 48 115 255 253 255 47 73 252 239 36 16 0 0 32
251 255 163 240 252 236 152 130 2 135 159 255 252 243 223 127 255 8 180 185 173 207 121 140 139 67 66 4 17 103 28 225 4 115 222 121 67 136 240 255 206 1 2 32 34 70 82 146 217 101 48 51 187 77 255 175 73 252 239 32 0 0 0 0
107 255 32 248 255 173 155 130 130 133 155 254 255 247 254 127 131 0 252 255 189 142 9 128 8 16 0 64 0 7 252 235 255 95 247 127 65 140 248 255 238 1 1 32 0 2 0 137 201 237 247 255 63 241 255 175 105 254 239 36 26 13 25 48
79 132 48 20 26 32 196 248 252 251 255 159 159 8 162 216 239 250 173 83 132 0 8 193 248 156 8 0 0 0 200 120 231 9 160 219 154 9 130 24 194 0 64 140 252 31 0 0 0 96 48 240 63 5 64 8 134 235 253 33 0 226 255 255
252 191 247 245 127 0 0 65 193 199 255 255 255 255 238 240 203 110 189 251 255 227 48 14 0 160 49 161 57 111 252 243 255 155 226 128 83 14 244 255 223 17 147 57 25 231 7 26 219 101 144 59 12 2 168 239 3 144 255 37 155 239 159 63
254 255 255 255 51 0 0 192 225 207 31 247 240 199 127 255 255 255 253 255 143 227 0 6 64 128 48 227 25 39 20 224 25 111 124 227 31 63 246 152 231 152 131 57 8 0 44 251 121 0 50 208 251 223 206 68 224 11 252 255 27 13 0 0
255 191 231 253 254 224 128 131 3 199 159 255 255 255 111 178 201 102 156 255 252 231 63 142 131 97 115 239 59 239 188 227 206 155 111 136 113 254 255 255 255 249 211 57 59 227 253 255 255 143 38 0 0 8 6 240 126 159 254 127 155 141 25 0
123 253 239 91 80 240 227 178 2 5 190 95 176 87 95 117 255 113 196 17 130 179 188 239 178 71 70 76 0 116 29 161 17 255 255 255 255 255 195 8 33 76 106 243 34 70 145 32 146 117 53 64 251 252 255 55 217 110 100 18 0 32 0 0
252 191 231 32 32 64 64 33 225 198 31 255 254 251 206 179 207 124 192 33 12 225 16 79 225 41 33 199 25 111 60 227 0 1 200 248 255 255 255 191 255 252 211 61 61 34 40 155 219 255 26 13 128 77 250 252 255 255 255 62 159 207 157 18
240 255 255 243 225 192 0 67 3 0 28 255 241 199 31 118 152 97 135 255 255 227 48 14 67 227 255 191 123 68 48 227 217 167 21 0 0 0 136 112 206 27 147 0 187 241 255 126 54 128 98 251 255 255 251 131 1 0 201 237 59 197 238 239
223 204 127 18 0 32 192 255 255 255 255 179 139 46 186 241 255 255 253 251 143 96 0 128 96 248 25 33 0 0 0 224 99 255 252 255 255 255 243 159 231 8 1 8 204 184 134 0 0 0 48 241 251 253 127 52 252 255 118 36 18 65 64 204
254 29 1 0 0 0 96 240 225 231 255 255 191 127 230 17 143 124 246 189 15 248 0 1 32 16 56 227 57 3 4 0 4 18 239 252 247 255 255 255 255 156 67 0 4 16 40 255 73 0 0 0 144 236 254 255 255 253 127 62 27 13 0 148
128 255 239 251 225 0 0 68 0 0 0 224 240 199 31 127 188 241 198 47 12 64 0 0 68 27 8 0 0 0 12 128 24 103 220 127 108 17 194 24 198 0 0 128 128 30 0 248 255 255 127 87 131 120 119 7 200 74 96 0 0 48 98 192
128 251 255 255 255 199 3 15 4 8 0 192 112 199 61 254 240 239 15 243 220 239 55 14 135 99 134 144 255 255 255 255 57 100 48 227 251 239 7 0 150 18 19 49 51 6 0 190 255 255 255 255 231 65 200 124 134 0 210 33 16 0 81 32
244 255 255 255 225 0 0 65 195 194 0 224 240 199 31 127 252 243 207 63 12 195 0 0 0 240 255 255 72 236 124 231 57 39 20 64 28 51 198 121 198 0 147 153 136 233 255 63 254 255 255 127 165 203 0 64 6 73 229 37 219 255 191 63
255 255 227 255 55 0 128 193 225 255 255 255 183 127 255 31 137 255 255 245 223 231 24 134 64 128 112 231 63 47 52 128 183 127 253 37 33 92 252 177 199 152 211 57 25 3 56 155 73 0 0 48 249 255 23 209 245 99 64 36 147 205 157 27
255 252 255 247 241 113 128 129 207 215 62 63 129 69 63 255 254 255 255 247 159 251 56 142 0 160 241 255 141 85 121 239 49 237 252 231 63 255 255 255 255 223 147 49 0 160 253 137 0 96 241 247 251 12 2 8 6 139 199 103 18 141 25 0
75 230 32 152 156 253 127 128 172 255 179 150 221 255 255 23 129 28 54 148 247 188 207 20 0 0 0 64 0 3 108 224 159 63 255 28 33 76 56 229 17 3 0 32 0 0 0 129 65 96 48 48 24 44 55 159 33 244 65 0 0 0 64 192
15 0 16 4 26 63 255 255 255 127 226 0 10 60 251 255 255 191 121 0 0 28 206 241 125 252 255 255 199 16 131 0 55 254 255 255 255 255 115 28 32 100 232 206 207 25 0 193 246 16 192 242 255 255 251 243 255 125 118 18 196 242 118 0
212 255 239 243 241 193 1 7 135 142 29 246 241 255 255 255 159 121 132 49 140 243 62 14 0 32 240 255 123 239 116 227 255 63 215 24 134 152 139 0 182 254 159 49 0 225 255 255 255 255 119 195 29 134 37 1 144 2 16 203 50 141 9 9
244 255 239 243 96 64 0 65 65 198 13 255 240 247 15 55 156 112 198 47 12 195 16 2 65 160 32 129 24 103 60 227 253 35 4 0 4 83 206 127 198 16 147 0 9 224 255 0 216 109 50 243 255 247 193 0 0 254 101 36 0 0 64 64
75 132 48 28 18 34 252 252 252 113 194 17 142 56 35 144 200 50 207 222 246 0 8 193 48 152 24 0 0 0 128 112 198 155 39 130 244 246 253 255 255 255 231 222 204 31 0 0 193 0 0 48 216 191 187 249 7 0 0 0 64 48 112 112
3 64 0 10 159 255 255 188 255 189 224 0 207 255 255 255 159 31 124 208 227 188 207 245 28 4 224 123 198 144 240 239 255 255 255 191 255 220 243 158 59 108 34 50 0 160 173 65 0 202 247 255 255 243 255 247 217 76 70 34 248 191 191 15
251 191 255 255 243 32 128 192 64 193 3 127 240 207 47 182 152 98 140 127 188 227 8 130 192 147 8 65 56 3 16 227 24 35 4 0 0 0 140 115 206 27 131 8 184 22 0 0 160 128 119 127 31 3 1 0 4 145 253 255 27 64 68 244
248 255 239 243 240 192 128 199 71 70 30 255 249 231 159 119 158 121 196 49 140 227 56 138 71 226 255 191 35 108 120 231 25 39 150 24 198 152 195 24 134 152 219 93 255 225 248 255 3 207 127 95 247 255 227 227 253 108 100 0 71 209 216 81
248 255 255 255 255 192 0 0 0 0 31 255 243 207 31 242 248 255 255 255 156 227 48 14 130 3 0 64 56 111 252 243 123 143 240 231 255 255 255 31 198 16 3 0 0 16 112 191 219 229 242 255 79 113 254 127 2 72 101 36 18 0 0 128
248 255 239 255 255 224 128 3 0 7 31 255 245 215 95 114 201 239 191 247 255 227 56 143 199 227 7 128 57 254 255 255 255 253 241 215 187 103 144 209 214 155 211 253 255 103 83 190 255 255 223 239 103 3 216 11 2 2 0 253 171 255 191 59
233 255 255 247 241 225 195 7 2 4 31 254 240 199 31 255 255 255 133 49 128 3 56 136 135 127 78 12 49 108 124 231 57 39 16 241 159 3 2 24 226 131 17 0 227 244 255 255 255 143 239 255 175 195 204 239 7 56 69 0 0 0 96 196
223 236 253 63 48 113 99 0 128 128 55 62 176 198 27 117 220 247 255 63 130 241 4 12 128 0 0 64 8 99 12 225 17 167 28 102 52 115 246 123 163 0 2 32 0 224 7 24 65 228 127 211 31 0 252 255 71 72 236 33 16 136 253 255
252 191 231 241 240 192 0 0 129 134 31 255 255 255 255 255 255 127 252 49 142 243 48 14 0 32 19 160 25 239 252 227 31 31 244 249 135 29 243 220 231 24 147 49 49 133 0 129 219 239 50 17 16 12 70 143 19 72 100 246 18 136 25 1
252 191 247 245 96 64 0 0 128 194 31 255 176 65 6 48 236 240 207 63 30 227 16 14 128 0 0 194 24 103 28 33 0 2 12 226 124 35 132 16 198 155 19 49 16 2 0 137 217 117 28 128 159 213 76 4 192 243 65 36 91 12 25 16
254 253 255 63 240 81 0 0 128 128 63 63 176 69 23 85 244 247 255 63 138 211 4 12 128 0 0 64 8 99 92 101 81 231 29 103 60 115 214 121 229 0 3 0 0 240 7 8 193 100 115 115 0 0 252 255 3 88 101 32 16 239 255 255
79 254 47 147 240 249 51 0 128 128 19 158 249 231 159 119 158 25 68 48 255 251 11 12 128 1 0 0 0 35 124 231 255 7 0 16 132 16 105 228 223 3 2 32 0 6 99 25 216 237 247 123 101 251 255 207 241 254 255 40 16 8 25 58
235 255 255 247 209 160 129 231 231 5 10 248 241 255 255 255 191 255 252 49 142 99 40 128 6 66 196 88 99 71 48 227 31 127 252 241 143 28 243 28 199 0 2 32 2 0 0 204 255 175 114 243 191 199 193 195 247 125 102 36 0 44 125 255
249 255 231 240 253 253 27 0 0 128 31 254 253 247 254 127 167 8 116 57 161 139 120 108 128 3 0 64 24 111 60 227 189 255 255 127 66 136 58 250 64 128 10 49 32 6 33 137 200 239 255 255 255 247 249 3 0 128 229 247 29 8 17 0
75 228 40 240 255 255 127 128 136 129 2 26 128 254 255 254 179 8 60 252 243 159 255 124 0 0 0 98 254 251 5 7 24 32 248 232 107 139 112 255 8 253 63 113 0 2 32 255 255 159 79 79 7 0 96 252 79 85 1 128 224 191 25 16
252 255 239 241 121 0 0 67 195 0 30 255 255 247 254 255 255 104 164 241 239 227 0 0 0 178 28 41 32 100 252 255 255 255 247 223 255 136 161 214 198 24 3 8 136 17 128 165 0 229 242 243 255 247 249 35 1 244 251 52 26 0 144 255
251 191 231 249 254 228 128 195 195 207 255 255 190 83 14 48 128 68 7 53 136 255 255 255 199 225 99 199 59 255 191 189 196 0 0 0 160 3 0 0 4 115 158 243 59 7 0 155 219 247 157 12 4 2 0 0 6 1 0 193 100 190 187 50
252 255 239 113 96 0 0 64 64 198 31 255 255 255 255 51 142 112 228 61 14 227 48 15 64 128 0 129 57 239 252 243 207 31 131 12 68 144 234 251 255 223 211 61 191 231 3 154 219 239 50 59 12 34 49 171 232 155 254 111 255 255 159 59
252 255 231 249 124 0 0 0 128 198 31 255 252 247 255 127 191 253 254 191 143 227 48 14 128 0 0 128 57 239 124 239 61 255 255 255 255 253 243 24 198 152 147 57 0 224 127 24 218 239 50 17 184 124 254 255 131 64 244 117 27 13 136 171
240 255 255 243 64 192 64 34 0 0 13 255 240 239 255 255 255 113 196 33 12 227 48 15 163 3 6 0 0 0 48 227 25 111 254 255 206 153 195 24 198 24 211 185 63 7 2 0 0 0 114 243 255 253 255 191 217 104 116 52 0 0 0 32
107 196 255 23 19 32 198 255 120 113 98 29 243 0 254 255 255 255 253 113 142 32 8 193 247 255 31 13 244 114 194 203 63 255 255 255 255 253 243 28 199 136 240 204 239 236 223 86 190 155 230 243 255 125 254 63 217 126 102 36 137 243 238 239
75 196 188 31 17 32 231 254 255 121 114 17 129 4 254 255 255 255 253 81 142 32 136 227 126 222 236 127 132 16 195 108 33 252 255 255 255 255 243 28 66 136 224 206 255 251 255 97 182 60 203 247 255 255 255 247 249 127 118 36 201 243 231 207
252 255 255 247 115 64 0 0 0 199 31 255 176 199 255 255 255 255 204 113 142 227 48 14 129 1 0 128 25 111 124 231 25 255 255 255 255 157 243 28 231 24 19 49 49 103 3 0 218 229 115 243 187 12 6 60 223 127 102 38 26 140 145 179
180 255 255 231 97 0 0 0 0 0 12 111 48 199 255 255 191 251 192 1 0 128 4 40 128 23 0 64 0 0 0 224 25 111 252 249 207 17 131 24 32 64 8 251 160 238 255 255 186 127 2 97 187 77 102 246 215 72 100 2 68 50 33 2
255 255 239 243 48 32 128 193 225 195 30 255 241 247 255 255 191 255 252 63 140 193 24 134 64 160 57 235 8 97 60 227 8 119 252 225 15 29 194 24 198 16 147 25 9 161 236 173 154 37 48 49 153 76 70 196 239 255 101 0 0 184 8 9
75 196 56 22 27 33 198 255 126 121 242 17 131 0 250 255 255 235 172 81 141 32 8 193 124 220 254 255 247 221 227 30 33 252 255 255 255 139 163 158 254 136 65 140 204 152 4 0 192 251 223 143 226 253 255 255 1 0 192 229 139 103 102 236
255 135 112 60 54 54 132 209 241 231 255 255 255 123 34 144 197 86 221 255 254 213 25 130 64 160 56 231 59 255 254 255 230 136 32 130 255 255 87 3 133 16 130 16 8 129 4 137 1 0 240 191 78 19 248 255 255 1 0 0 96 184 0 201
75 230 255 23 16 48 227 255 126 255 19 144 193 134 191 255 255 255 255 31 134 48 252 239 52 236 151 48 198 136 32 194 57 255 188 163 255 255 255 63 99 204 248 215 127 31 0 65 164 130 34 115 185 252 254 252 254 79 100 22 223 191 31 49
251 159 35 240 255 239 156 131 0 7 15 126 252 255 255 254 251 8 188 249 237 239 123 142 11 65 66 4 17 231 29 163 31 255 254 255 255 9 240 255 158 17 3 32 34 64 16 131 201 255 127 87 251 253 255 255 1 92 255 33 0 0 88 48
254 157 255 63 0 0 64 224 227 255 255 255 183 13 62 249 236 255 199 49 142 225 24 7 96 160 113 231 31 127 255 125 3 76 40 144 189 119 207 28 247 222 243 63 157 3 56 191 73 0 0 32 152 14 2 0 150 239 255 255 255 207 159 27
223 143 97 60 62 0 128 225 255 67 6 251 255 255 98 146 201 100 156 249 236 237 15 2 64 160 29 33 0 0 252 251 239 153 227 158 193 0 128 64 134 123 143 16 137 149 0 0 0 228 250 191 111 19 33 2 0 176 185 1 118 133 132 253
254 255 255 247 33 0 128 227 97 199 31 255 241 239 255 255 191 255 254 49 142 99 16 130 99 249 255 191 59 236 56 227 27 127 252 241 143 31 243 28 199 24 209 157 255 253 255 126 62 133 114 243 191 207 193 195 241 108 100 52 139 231 239 239
248 255 255 243 249 233 0 3 3 0 30 255 249 255 255 255 191 105 4 49 200 251 63 14 131 99 7 0 0 108 252 231 255 127 183 24 128 0 0 0 0 16 159 113 51 6 194 191 91 229 243 255 47 130 1 3 209 252 49 0 68 191 25 48
75 132 32 0 16 48 255 255 127 127 242 16 143 48 130 209 255 191 199 0 128 16 204 243 127 254 255 191 231 152 195 28 0 252 248 255 255 255 255 31 97 236 248 206 255 249 254 255 54 26 13 0 224 253 255 255 251 126 126 54 141 247 230 205
223 140 255 55 50 32 128 193 249 243 103 247 251 8 254 255 255 255 255 247 143 255 28 135 0 160 241 255 8 49 250 107 34 108 252 227 255 255 255 255 255 253 243 57 0 161 252 239 0 192 186 245 251 95 66 80 62 143 207 103 19 141 25 0
3 96 8 0 153 63 255 188 255 57 0 144 239 255 255 255 159 63 112 128 195 188 207 177 28 6 148 122 68 144 240 231 255 255 255 191 255 156 243 140 187 110 34 18 0 17 0 0 0 239 247 211 225 255 255 179 217 108 6 130 122 63 16 48
180 255 255 247 225 64 0 65 0 198 13 239 240 199 255 255 255 255 205 49 12 195 16 10 193 177 59 135 25 231 60 231 57 103 252 255 223 61 195 24 198 16 147 9 185 245 255 255 63 143 226 243 187 253 255 255 255 72 96 32 26 239 255 255
3 64 0 10 159 255 255 188 255 189 224 0 207 255 255 255 159 31 124 208 227 188 207 181 28 4 224 123 198 144 240 231 255 255 255 191 255 220 243 142 59 108 34 50 0 160 173 65 0 202 247 255 255 247 255 243 217 108 70 2 120 190 191 15
207 191 231 25 144 48 160 247 68 79 255 255 190 83 2 48 205 244 71 51 206 119 191 187 119 7 224 197 51 127 15 0 0 0 0 96 189 51 197 76 191 3 0 0 0 16 0 129 193 0 32 60 223 247 207 70 81 252 255 33 0 0 0 0
248 191 255 255 255 192 0 0 0 0 31 255 243 207 15 242 248 255 255 255 157 227 48 14 130 3 0 64 57 103 252 243 91 143 240 231 255 255 255 63 198 16 3 0 0 16 120 191 219 229 242 127 79 81 254 127 10 72 101 36 18 0 0 192
75 228 63 215 251 187 151 140 255 253 34 144 195 255 255 255 191 127 12 80 203 128 8 196 132 24 192 115 239 155 240 231 255 255 255 159 239 156 3 16 0 160 15 33 16 2 40 217 5 202 247 243 255 255 57 179 221 108 32 148 255 63 16 0
252 255 239 241 240 0 0 65 65 198 31 255 248 255 255 247 255 255 253 49 142 227 48 14 65 129 32 193 24 239 60 227 8 1 216 224 159 27 226 24 231 24 147 49 59 231 255 8 154 239 58 127 159 69 68 0 255 3 124 255 18 205 157 47
251 191 227 125 20 32 128 227 99 239 255 255 255 255 255 31 141 127 222 245 158 247 8 131 227 241 104 129 27 255 252 239 255 255 255 191 239 92 243 157 247 252 255 61 175 6 0 128 219 111 192 247 251 255 59 179 213 108 38 158 247 205 25 48
235 191 32 16 16 32 192 242 226 65 222 255 254 255 255 63 143 124 252 157 175 124 8 131 255 159 8 65 0 111 252 239 255 255 255 255 231 220 243 159 255 252 239 45 222 6 0 0 192 229 247 247 255 255 255 247 249 124 54 6 255 205 29 50
128 255 255 247 239 192 1 4 4 140 29 239 241 255 255 255 191 255 172 241 79 195 48 14 199 227 223 134 59 238 252 231 191 255 255 157 131 8 177 84 198 16 147 57 187 231 255 2 154 239 119 81 49 12 51 15 0 212 255 37 18 237 237 47
193 255 255 243 240 224 129 135 6 0 0 248 241 231 159 255 254 255 199 49 128 131 60 236 135 127 199 28 0 192 56 227 121 239 156 179 255 255 207 24 32 192 248 255 255 255 255 102 18 239 247 255 255 7 0 0 188 107 36 182 255 255 255 127
248 255 255 241 121 0 0 66 64 198 31 255 255 255 254 255 255 104 164 57 141 227 0 0 0 16 0 64 0 100 252 255 255 255 247 223 199 8 162 218 238 25 3 32 0 224 7 0 1 229 242 243 127 240 255 7 0 128 255 127 18 205 255 255
252 191 255 245 96 0 0 65 193 199 31 255 251 255 255 255 159 123 236 49 142 227 0 0 193 176 40 231 57 111 60 161 0 0 252 248 4 153 235 126 199 24 3 8 153 242 7 26 219 101 0 0 0 12 6 12 254 255 101 36 18 192 205 255
252 255 255 255 127 64 0 1 129 199 127 255 177 67 14 112 232 227 255 255 255 255 59 14 129 32 96 231 59 255 255 189 96 192 16 231 56 99 128 65 134 63 159 57 49 3 120 191 223 119 8 0 0 28 222 223 7 48 1 128 118 189 153 18
251 255 255 247 17 32 128 226 227 197 14 251 240 239 191 255 254 251 237 51 142 226 8 128 231 251 239 95 41 68 56 227 27 111 252 255 255 27 226 24 199 16 193 136 255 31 248 239 54 143 114 243 251 253 255 255 251 124 100 36 138 231 127 0
79 196 255 183 147 35 199 140 188 251 115 16 128 0 58 252 254 251 205 83 128 128 8 228 4 0 128 208 222 155 7 0 0 100 60 227 222 59 7 16 0 0 0 160 0 2 0 129 237 50 0 0 16 92 78 252 151 1 0 128 32 0 16 16
240 255 239 225 96 192 0 0 0 0 12 255 248 247 255 255 191 121 196 33 12 195 48 78 195 3 4 0 0 100 60 227 191 3 212 217 239 27 195 28 230 0 208 189 32 6 130 32 0 128 242 251 31 64 252 15 3 108 247 37 223 255 255 63
107 135 255 215 19 160 199 255 54 61 75 208 194 207 255 255 255 255 255 113 142 32 40 201 119 251 254 61 215 172 241 198 59 255 253 255 255 253 243 28 231 136 224 140 239 29 0 231 117 154 103 243 251 253 255 255 249 76 100 36 137 55 16 16
75 196 191 23 19 32 230 255 127 255 99 16 131 4 254 255 255 255 255 83 142 32 8 193 112 24 0 192 223 147 199 12 51 252 252 255 255 253 251 24 195 136 224 254 255 31 0 129 237 58 205 231 251 253 255 247 157 72 64 36 137 55 16 48
180 255 255 231 0 0 64 0 0 0 0 32 112 199 191 255 255 255 193 1 0 0 16 111 225 15 7 223 249 227 0 3 8 102 188 243 158 253 207 24 96 128 64 231 112 234 255 255 127 223 15 2 161 252 255 255 255 107 64 164 128 58 171 202
255 255 239 113 48 32 128 225 225 67 30 255 240 255 255 255 191 127 196 49 140 65 24 130 64 160 60 239 40 97 28 225 8 63 254 248 199 253 207 24 132 16 146 16 8 129 36 1 128 96 0 48 153 76 102 252 255 255 100 0 80 188 0 205
123 133 50 4 16 240 127 16 0 0 67 254 255 253 246 219 239 191 253 30 6 144 248 237 176 15 7 0 0 224 252 255 239 221 243 128 7 28 242 120 67 204 122 255 116 239 255 62 26 239 255 223 102 3 0 248 7 65 252 119 205 255 255 63
75 132 48 0 16 191 255 255 127 61 226 16 136 190 255 255 255 255 100 16 130 60 254 251 127 255 255 61 231 152 1 128 63 255 255 255 255 255 243 156 33 252 248 222 255 253 250 103 38 18 192 247 255 255 251 255 251 124 118 18 197 114 226 197
223 238 255 255 55 0 128 192 253 195 0 1 192 192 63 254 255 255 253 255 143 225 0 2 64 128 56 251 232 193 9 39 24 96 124 227 8 37 136 48 198 24 131 24 0 160 253 253 190 191 207 239 175 77 70 205 167 241 1 0 251 223 13 13
240 255 255 247 241 225 1 3 0 0 0 248 240 255 255 255 158 113 4 49 136 195 184 255 135 99 231 158 123 239 60 131 27 255 255 61 196 0 3 24 100 0 144 247 51 239 255 126 255 191 71 195 255 39 33 2 145 104 116 255 9 138 239 239
148 72 255 255 247 215 7 0 128 128 0 226 115 207 61 238 144 199 255 255 184 247 53 14 0 0 0 98 8 255 253 255 255 255 255 159 57 100 80 107 172 17 3 0 0 224 255 126 30 239 255 255 255 247 249 255 1 16 237 97 16 128 237 239
0 114 238 255 255 239 95 4 132 0 16 248 247 255 255 255 27 7 60 248 237 143 123 93 135 3 0 72 32 255 252 231 255 255 255 191 255 132 16 130 88 163 30 49 48 102 255 60 158 239 247 255 255 243 249 255 219 48 24 221 16 8 128 234
248 255 255 97 0 128 64 99 227 207 63 255 185 99 158 127 190 249 195 33 14 243 36 3 227 240 249 231 255 47 16 128 0 67 156 113 142 17 195 156 247 255 247 63 255 243 127 255 107 16 0 0 152 12 2 136 247 127 254 127 159 207 141 15
251 255 255 241 251 224 128 131 195 199 31 255 255 239 14 50 128 104 135 247 255 255 63 142 0 224 247 239 59 109 252 255 203 1 0 0 0 98 172 229 158 27 147 49 187 243 255 14 218 239 187 221 246 243 193 193 32 146 129 232 18 205 255 255
180 251 255 247 235 3 0 0 193 194 5 39 112 0 28 254 248 255 143 119 93 195 0 0 0 224 31 163 24 226 127 255 123 239 60 131 24 106 141 53 198 0 3 0 187 255 255 126 30 255 255 255 255 247 249 3 32 230 251 33 0 231 239 255
254 252 255 255 247 99 128 129 223 215 46 251 225 199 63 254 248 247 255 255 255 227 56 142 129 0 224 255 111 21 80 193 59 111 60 129 8 2 12 96 198 19 147 49 0 0 40 201 65 0 64 243 31 0 0 0 0 0 129 193 48 140 25 0
255 204 127 16 16 32 128 241 97 67 126 255 255 100 254 251 174 121 196 49 142 112 8 128 96 176 30 33 0 0 248 235 255 79 182 25 134 16 194 16 199 158 195 8 205 253 247 32 0 100 178 187 41 2 1 0 128 0 64 255 63 197 68 205
244 191 247 237 0 0 0 96 225 198 13 239 240 255 255 55 156 114 198 33 12 0 0 0 0 224 63 163 25 102 28 225 8 35 108 252 228 209 203 24 198 0 208 223 255 255 255 54 8 255 255 255 159 1 0 184 255 127 116 54 207 255 255 127
254 255 239 243 241 1 128 199 239 223 63 255 153 247 223 127 158 121 132 49 204 227 58 2 0 224 251 231 11 28 248 255 157 117 155 28 132 0 128 0 150 255 159 16 139 241 253 1 0 64 240 127 8 10 1 2 1 0 145 223 119 141 128 205
252 191 231 33 32 64 0 0 225 198 15 255 255 251 142 51 142 255 195 33 12 128 0 68 128 232 63 167 24 102 28 227 200 255 255 55 183 124 207 28 231 220 243 223 255 255 255 18 136 100 50 51 25 0 156 223 242 111 118 54 207 255 255 127
127 0 0 8 4 60 252 240 240 241 195 240 255 56 192 145 207 190 255 223 23 4 200 193 248 252 255 127 64 0 128 208 255 219 247 223 255 255 243 255 255 140 96 132 204 24 152 65 0 0 32 243 255 247 253 51 24 220 239 55 137 64 102 68
180 255 255 247 227 1 0 64 0 198 29 239 240 199 63 255 255 255 205 115 12 195 16 14 193 225 127 239 57 239 124 231 59 111 252 251 255 191 199 24 198 16 147 153 187 255 255 254 63 143 66 243 255 221 254 255 255 104 96 32 26 231 239 255
240 255 255 255 247 192 0 0 128 134 29 255 241 207 63 246 249 255 159 243 140 227 0 4 0 0 0 226 25 103 60 227 127 255 124 247 255 255 247 29 198 16 3 0 0 224 255 255 58 132 242 243 255 7 0 240 255 125 64 32 16 204 237 207
252 255 255 96 0 64 64 0 225 199 127 255 184 99 142 125 254 255 231 49 14 225 0 0 0 240 59 162 24 102 252 255 251 97 176 215 190 123 239 28 231 152 211 157 255 253 255 18 136 100 48 48 24 252 94 20 176 75 118 39 155 239 239 255
75 254 255 147 209 49 131 140 204 217 3 240 251 255 255 247 159 127 196 17 128 128 8 132 132 0 153 114 70 152 240 231 159 255 255 188 231 156 227 28 128 192 139 255 144 3 0 129 0 238 127 247 255 255 251 243 249 108 0 148 255 27 16 0
79 196 255 247 255 239 135 140 28 185 127 255 255 255 255 242 203 111 63 241 205 255 63 142 135 3 0 0 0 255 252 255 255 255 255 191 255 44 241 207 255 51 147 49 0 6 67 0 200 101 16 192 251 60 57 255 7 0 0 192 112 24 0 162
251 159 226 124 22 32 192 224 224 231 255 255 255 255 255 255 143 127 254 241 207 255 63 143 226 1 0 0 0 255 188 161 255 255 255 191 239 28 243 140 183 31 211 49 0 6 0 0 201 117 16 0 24 44 50 254 7 0 0 193 122 0 16 48
203 255 255 243 241 224 193 135 6 1 2 216 240 199 191 255 254 255 199 49 140 131 56 204 135 235 255 63 98 200 112 231 59 255 189 55 4 252 207 24 64 128 248 223 255 255 255 127 6 207 247 247 251 255 7 0 176 235 0 180 239 255 239 79
252 255 231 113 32 64 0 0 0 199 191 255 255 255 254 51 140 124 198 49 12 193 0 0 0 16 24 128 24 103 252 255 132 253 15 0 0 16 254 127 198 152 251 255 255 239 3 0 0 229 63 17 240 255 179 243 253 127 96 20 255 255 255 63
79 196 255 191 147 99 199 136 156 251 115 22 128 0 50 252 253 255 207 83 128 128 8 204 132 0 0 64 132 187 79 12 0 0 56 227 189 255 15 0 0 0 8 32 0 6 0 128 201 112 8 0 0 76 206 76 182 99 0 128 48 0 16 48
52 252 255 255 255 3 2 8 201 214 61 111 49 199 63 254 248 231 159 255 252 227 48 14 192 0 32 231 255 255 127 175 57 100 56 231 56 33 128 0 198 19 3 0 0 16 120 255 255 191 207 239 167 80 254 15 3 0 128 237 18 0 80 16
252 191 255 113 32 0 0 65 225 199 31 255 251 255 255 55 142 120 228 49 14 225 16 2 193 16 32 227 25 111 28 0 0 0 12 96 4 219 207 56 199 24 3 0 0 224 7 154 219 0 0 0 16 12 6 12 190 235 100 36 18 237 255 255
255 253 255 63 0 0 128 241 255 223 14 115 128 135 31 127 188 241 206 63 142 96 0 130 96 240 249 179 0 0 0 64 0 231 31 33 12 18 194 123 239 153 131 8 205 153 4 0 0 0 0 32 184 12 2 240 111 1 64 246 27 197 230 253
244 255 231 97 96 192 0 0 0 0 12 255 252 255 255 127 159 120 196 33 12 195 48 14 131 3 6 8 0 100 60 227 255 3 240 127 199 17 195 28 230 220 251 255 255 7 128 32 0 237 242 63 13 241 255 7 1 252 229 54 255 255 191 59
255 5 0 0 0 0 240 241 241 231 207 63 158 56 194 17 143 124 244 1 7 56 0 128 120 156 24 1 0 0 0 96 4 147 239 255 255 255 255 255 247 140 97 140 204 29 0 0 193 0 0 0 0 124 254 60 24 76 102 246 155 65 118 245
79 132 255 183 19 32 199 255 255 57 114 152 131 207 255 255 255 255 253 115 142 32 8 193 117 26 0 64 230 91 229 132 59 255 252 255 255 253 243 24 199 136 192 172 0 6 0 153 235 123 69 227 251 253 255 255 255 72 0 164 169 59 17 16
75 196 255 223 19 32 198 255 255 121 98 16 195 12 254 255 255 255 253 115 142 32 8 193 100 24 0 64 4 147 207 174 59 255 252 255 255 61 195 24 198 136 240 252 0 6 0 137 221 254 197 226 251 253 255 255 135 64 0 164 169 59 17 16
248 255 255 247 115 192 0 2 0 199 31 255 241 199 191 255 255 255 239 113 142 227 48 14 131 97 3 132 25 111 60 227 25 111 60 97 8 0 128 80 231 27 147 49 59 103 82 0 218 237 50 81 27 4 0 8 70 179 253 37 18 141 153 51
