223 254 109 187 16 32 192 160 229 219 55 183 209 6 26 113 253 245 199 243 255 225 0 0 0 16 32 227 30 59 110 144 0 132 28 98 0 0 192 240 223 159 67 57 0 0 40 155 255 52 0 0 16 12 14 15 0 182 255 255 155 207 25 0
207 167 228 255 151 230 239 128 132 129 2 2 128 194 3 54 240 166 223 254 148 164 24 205 128 0 128 122 250 131 1 4 24 163 12 226 57 231 158 49 0 0 2 32 0 0 45 223 111 26 69 103 223 7 0 64 174 195 96 176 16 0 72 218
255 157 255 127 242 127 0 0 0 128 79 255 247 201 38 240 255 255 77 19 128 211 6 12 128 1 3 4 56 231 158 33 2 200 44 163 156 51 7 8 181 82 3 1 48 228 255 27 218 255 28 0 208 12 2 192 215 125 85 190 26 12 0 128
252 191 255 247 255 195 0 1 129 130 31 255 243 203 14 178 192 66 13 115 248 195 63 14 131 227 119 239 57 237 188 251 202 137 0 128 16 163 253 127 188 17 19 17 51 225 252 255 255 255 18 137 30 130 128 76 62 223 239 1 82 12 0 128
255 191 247 255 16 32 128 225 227 199 7 115 192 195 15 63 252 247 135 49 12 0 0 0 0 184 121 247 72 133 8 2 8 34 12 240 189 115 135 24 230 152 3 28 192 177 45 169 1 0 0 32 24 12 198 220 151 109 118 190 159 207 31 13
180 27 223 96 0 0 0 97 227 198 13 103 88 239 189 231 127 251 225 33 14 97 0 0 0 176 121 231 251 255 189 135 26 44 252 255 255 255 247 31 231 24 3 24 141 241 7 154 255 255 255 223 247 253 255 255 255 127 118 54 18 197 236 239
252 191 231 255 240 208 0 0 195 199 31 255 240 223 15 50 208 64 5 51 248 247 63 14 0 32 113 231 57 239 60 227 72 163 15 190 245 227 1 7 132 48 155 57 17 161 44 137 201 103 16 115 219 4 0 0 6 3 0 128 118 255 157 27
248 255 255 255 255 225 1 2 130 135 255 255 179 71 30 240 232 227 143 127 188 227 56 142 135 99 99 134 57 127 254 255 255 255 243 223 251 225 144 223 254 155 147 57 51 103 251 191 251 239 243 201 125 117 61 2 0 156 129 164 147 191 153 50
255 253 99 48 112 120 0 128 128 195 143 127 252 241 199 31 191 124 244 49 139 255 31 14 0 0 0 226 56 231 29 35 0 16 202 125 6 156 251 174 165 84 179 59 49 167 105 191 219 101 48 48 0 72 103 143 0 8 4 130 126 223 153 59
251 255 227 120 124 160 128 130 195 199 143 127 156 49 223 31 136 64 180 61 172 231 61 142 227 29 0 64 9 39 28 32 0 16 223 125 97 196 146 11 140 88 157 105 187 6 3 24 217 100 16 0 0 44 55 39 8 2 0 128 98 125 253 50
224 255 255 243 240 224 129 7 0 0 30 252 241 231 31 115 204 249 231 55 140 131 56 206 135 99 199 12 32 108 124 227 217 167 29 102 52 113 202 25 68 144 155 125 123 231 223 38 146 165 114 127 255 255 223 223 231 120 101 0 128 184 169 255
193 255 255 247 241 225 67 6 6 8 0 240 241 239 31 119 156 113 238 63 142 131 56 207 135 3 192 220 127 255 124 231 219 39 20 0 4 16 202 123 231 0 16 181 51 6 249 255 255 159 119 123 9 0 1 0 96 219 253 37 0 168 255 18
254 255 255 243 241 224 0 0 128 130 31 255 241 199 159 127 190 113 132 49 238 195 16 12 128 1 3 0 24 103 60 227 25 103 30 57 132 16 193 126 196 0 3 49 48 6 0 187 73 229 114 115 9 0 1 0 112 255 239 36 0 0 241 114
254 255 255 243 1 0 64 225 225 207 15 247 241 239 31 119 156 113 196 63 14 225 0 0 32 144 56 227 123 167 116 227 217 167 23 0 4 16 206 123 199 152 211 61 221 167 33 152 239 160 114 127 13 0 0 8 6 193 237 53 155 207 255 127
244 255 239 243 240 192 0 0 129 198 13 255 255 255 254 255 191 255 255 55 143 195 0 4 0 0 32 226 25 103 60 227 8 7 252 225 63 127 246 24 198 16 3 0 0 176 45 153 201 96 50 247 31 0 64 12 2 66 96 36 18 140 221 255
176 255 255 247 99 192 0 3 0 0 13 239 241 255 255 247 158 123 236 45 12 195 48 14 3 3 2 0 16 103 124 231 159 63 191 140 70 220 239 58 198 0 0 32 32 94 3 58 219 229 114 115 27 6 33 32 248 255 117 36 0 32 96 254
180 249 223 227 225 17 0 0 192 128 0 0 64 193 189 255 127 249 232 121 239 255 255 31 215 3 1 91 0 128 8 103 24 103 254 255 222 153 225 70 0 0 240 241 63 127 251 96 180 46 0 96 185 92 127 47 217 2 0 128 96 48 227 255
252 255 239 251 32 0 0 0 128 194 31 255 245 247 223 119 140 125 246 63 12 128 0 4 0 0 0 98 8 103 60 227 8 1 16 96 39 255 255 63 198 0 2 0 0 0 36 137 193 237 50 0 0 0 6 92 46 203 101 36 16 8 92 220
255 255 255 255 51 0 128 193 227 199 15 243 240 199 63 255 184 97 140 253 254 227 0 2 64 176 249 255 9 1 16 227 25 111 31 0 0 0 140 112 223 155 131 24 136 161 188 239 54 128 118 243 155 6 0 8 0 130 193 237 59 205 12 1
225 255 239 243 240 224 129 7 2 4 31 252 249 231 30 115 204 249 231 55 140 195 56 140 135 115 71 12 49 238 124 251 201 5 0 0 4 122 207 56 196 0 17 1 251 255 83 54 255 239 62 25 0 8 0 0 36 255 101 54 26 199 255 255
248 255 255 241 249 192 0 3 0 134 31 255 255 231 158 251 255 255 231 49 143 195 48 12 131 115 111 14 16 108 124 227 9 71 156 243 159 63 239 24 198 16 19 1 179 87 216 167 16 237 50 51 155 252 223 71 240 255 255 62 27 197 149 52
180 251 223 39 32 0 0 0 193 194 13 239 243 255 255 255 255 255 253 33 14 243 176 15 192 0 0 64 0 3 28 225 63 255 255 255 255 255 243 28 199 28 210 49 24 166 255 57 24 0 114 243 251 60 62 60 216 255 103 36 0 128 249 255
4 120 223 239 231 195 3 15 12 0 32 136 113 255 253 255 127 255 249 225 15 227 48 14 199 227 7 8 118 254 253 231 63 255 254 255 255 255 243 24 4 0 144 241 187 127 218 55 222 231 193 243 255 255 255 243 249 110 64 0 64 178 243 51
148 255 255 231 33 0 0 65 0 0 28 255 241 207 191 255 254 115 204 33 12 225 0 10 225 179 31 12 0 236 252 231 251 239 191 255 254 184 195 30 231 152 211 61 168 68 210 183 17 239 247 211 121 60 38 240 255 127 126 63 27 201 88 24
20 0 80 46 15 6 12 105 255 254 229 1 6 24 113 204 123 255 251 239 31 101 16 67 64 160 249 243 223 155 195 158 255 255 255 255 255 255 243 159 231 152 195 16 13 145 4 201 229 255 223 247 255 255 255 255 251 124 118 54 17 128 64 205
32 51 223 207 2 0 64 127 126 64 0 201 98 255 61 231 127 255 251 67 14 32 0 65 102 250 223 61 32 64 248 231 127 255 255 255 255 253 243 28 198 136 192 140 206 249 215 118 190 13 98 243 255 255 255 255 255 124 100 52 155 255 46 141
248 255 255 255 243 128 0 2 130 198 63 255 243 207 127 255 189 255 223 247 158 227 32 0 195 81 73 70 25 111 252 239 59 253 127 167 255 254 255 127 231 24 3 9 178 18 56 1 218 239 255 209 240 254 255 255 248 222 102 54 27 64 208 208
176 59 223 231 224 208 1 3 131 4 28 238 115 203 254 239 60 243 200 33 0 211 180 46 135 71 100 78 33 68 56 227 255 255 55 145 255 255 199 24 32 64 26 33 51 18 0 173 65 237 246 63 0 0 0 8 254 255 100 0 0 32 48 48
0 64 158 207 227 159 63 30 30 254 121 4 1 4 49 236 127 147 73 66 0 2 224 126 6 9 192 228 255 191 199 140 255 255 255 255 255 255 243 159 253 228 34 54 0 194 37 8 192 112 197 255 255 255 251 243 255 124 126 6 217 63 1 2
32 123 255 239 193 193 67 2 174 140 60 239 243 255 255 255 255 255 255 99 14 130 48 79 167 75 197 78 47 252 252 255 127 253 252 247 191 255 255 157 231 136 0 1 82 48 252 1 0 239 243 255 255 255 250 255 255 255 126 54 153 140 255 76
251 253 255 255 17 32 128 224 96 65 3 112 240 207 255 255 191 255 254 113 142 226 0 128 224 19 8 93 80 229 124 231 59 111 252 255 255 255 247 31 199 152 195 40 172 6 249 175 158 239 255 215 191 109 254 126 223 127 126 52 18 64 81 82
248 255 255 255 240 224 0 3 2 4 31 255 240 255 255 255 191 255 220 49 12 3 32 8 2 67 96 108 49 101 60 227 31 63 12 0 0 30 255 60 196 128 3 32 2 0 176 191 19 101 50 113 27 4 0 0 0 239 229 36 95 13 0 144
180 9 65 96 47 14 0 64 193 194 205 47 16 0 244 207 127 255 251 239 127 239 16 6 193 160 59 163 8 2 14 108 127 255 255 255 255 255 243 159 199 24 211 185 255 255 75 112 89 108 247 247 255 255 255 247 217 68 96 32 2 193 241 243
180 27 195 96 108 220 120 3 0 134 205 111 126 121 196 1 0 12 250 239 127 255 247 63 251 3 0 128 57 103 20 17 196 219 239 127 103 220 240 231 191 255 255 33 33 6 64 159 255 191 142 239 255 55 57 51 1 144 159 73 80 8 17 50
176 89 203 226 239 223 63 0 159 150 252 111 13 127 253 15 0 255 59 4 0 128 4 36 0 4 25 128 173 127 255 45 149 124 253 247 255 255 7 25 32 64 11 18 0 160 111 157 219 0 224 247 235 255 255 255 255 124 100 2 255 255 140 223
32 120 223 71 1 1 0 127 127 84 124 237 33 239 255 255 255 255 253 97 14 114 160 3 114 208 200 105 39 95 252 231 63 255 255 255 255 255 247 28 199 24 224 136 142 8 0 141 251 37 227 243 251 255 255 247 255 111 102 32 10 239 127 0
0 51 159 231 15 192 127 36 36 8 120 238 123 239 188 226 10 34 128 64 101 32 0 77 36 74 223 46 34 252 255 255 255 252 243 223 255 255 247 159 251 170 67 4 116 241 254 1 0 231 49 192 254 255 250 126 155 252 255 63 155 0 196 205
148 123 5 0 32 24 48 117 255 206 0 224 76 243 129 3 78 120 225 15 2 255 247 127 255 230 245 255 255 205 49 215 255 255 247 31 247 252 67 8 33 124 254 247 31 160 5 0 231 251 215 251 125 247 255 255 255 124 0 154 228 190 171 255
160 255 239 227 224 192 1 6 0 4 9 228 240 247 223 127 255 253 192 33 14 195 48 12 135 67 6 0 0 0 56 227 25 255 255 255 255 19 3 16 0 0 2 32 51 86 211 114 57 0 64 243 255 117 248 255 131 64 0 0 112 0 0 226
132 255 239 227 225 0 1 0 196 128 0 0 224 199 255 255 255 249 192 33 8 195 52 46 0 0 0 122 64 1 0 194 25 127 254 255 255 17 3 24 0 0 2 49 0 162 237 237 32 72 0 64 251 253 255 255 151 104 0 0 0 128 233 203
180 255 207 33 32 64 64 0 128 130 1 38 208 247 255 255 255 125 192 33 0 128 0 76 243 31 0 0 88 3 4 192 24 255 254 255 255 27 195 24 0 0 0 32 16 30 99 219 105 0 0 64 249 125 254 254 223 104 100 0 0 0 0 194
180 255 207 99 96 64 0 1 193 198 13 255 249 255 255 255 255 255 227 33 12 227 16 14 0 0 96 231 8 101 28 225 31 127 252 243 255 255 199 24 134 24 3 0 0 0 0 129 1 96 0 32 185 76 254 254 255 111 100 32 16 0 16 0
251 255 255 243 112 224 128 128 128 1 14 255 241 255 255 247 223 255 231 49 142 227 56 140 0 0 0 64 0 103 124 231 31 63 252 247 255 255 239 28 231 16 3 32 0 6 0 129 201 229 114 115 25 124 254 255 187 252 103 54 27 8 25 16
4 122 223 15 0 0 0 116 239 72 0 1 0 194 61 255 127 255 193 33 14 96 0 3 96 128 184 123 128 0 0 0 24 255 252 255 255 61 211 28 231 152 227 156 204 185 255 109 0 88 55 64 241 253 255 55 17 8 64 0 203 209 64 65
251 255 239 241 80 0 0 128 194 193 30 255 253 255 255 255 255 125 244 49 143 227 8 6 0 0 0 96 8 111 124 227 31 63 246 255 255 253 255 255 255 24 3 48 0 2 0 137 217 239 114 243 31 245 255 255 255 255 126 254 27 13 17 48
252 191 255 247 255 192 0 1 129 199 31 255 240 195 191 254 251 227 252 255 191 239 57 14 129 224 115 166 25 111 252 239 24 109 190 105 0 0 136 98 134 16 147 49 17 225 127 18 218 237 243 53 0 0 7 1 32 195 65 0 82 141 136 139
254 255 255 247 241 225 0 0 0 135 63 255 241 255 255 255 191 255 255 113 143 243 56 12 128 1 3 128 24 255 252 231 63 127 252 225 191 127 255 255 231 16 19 49 0 228 127 0 222 255 255 215 161 12 0 72 22 73 100 38 26 13 0 136
214 255 239 251 241 81 0 129 199 202 30 255 255 255 223 243 255 255 255 191 143 195 16 6 0 0 48 226 10 239 252 255 255 255 253 255 255 255 255 255 231 144 19 48 0 0 0 153 201 239 247 243 255 255 255 255 255 255 254 63 27 8 16 16
180 123 223 227 225 0 0 64 193 194 0 1 0 231 253 239 127 251 224 33 12 64 0 66 64 160 31 177 248 131 53 231 57 255 255 255 255 153 131 24 196 144 147 157 8 225 7 0 204 239 119 81 160 252 255 247 217 124 96 36 223 219 74 0
254 255 255 255 115 64 0 0 128 130 15 255 241 207 255 255 255 255 255 243 142 227 0 12 0 0 17 230 57 103 124 231 27 127 252 243 191 127 247 152 231 24 19 57 16 3 0 159 255 239 247 247 251 95 202 220 151 108 117 54 27 9 16 16
180 255 239 227 224 192 0 0 128 128 5 238 240 199 159 127 190 249 194 33 8 195 16 12 128 3 0 0 0 0 12 227 24 247 159 61 140 16 131 24 230 16 3 49 48 7 251 255 127 31 2 99 251 255 187 131 209 104 100 36 155 255 255 31
176 127 207 227 225 209 99 0 0 0 29 110 48 199 255 111 62 17 0 32 0 243 55 12 135 3 7 4 16 100 60 231 24 101 254 125 206 0 0 0 0 0 26 241 51 230 255 54 24 229 127 87 179 253 39 3 0 0 0 0 96 48 225 66
180 123 31 0 32 24 48 16 227 198 29 239 121 231 253 47 14 0 0 0 99 251 247 63 152 4 0 64 0 1 8 224 153 103 159 28 192 0 0 196 63 255 255 51 0 0 0 0 128 96 48 48 185 174 35 3 249 191 255 127 23 8 16 48
148 122 223 231 171 0 0 0 193 222 21 231 113 255 255 255 255 255 253 225 15 193 0 4 128 0 0 64 8 255 253 231 63 255 255 255 255 253 243 28 198 16 3 33 0 2 103 152 217 255 247 247 251 255 255 247 253 125 102 32 16 204 253 126
0 250 223 131 193 209 99 4 4 0 0 0 0 199 255 255 63 241 0 0 70 179 6 28 132 3 0 0 0 0 13 160 24 127 254 255 207 17 3 4 16 0 0 0 0 16 224 1 128 32 48 208 251 253 255 47 217 68 0 0 80 4 4 132
252 255 239 241 248 224 128 3 1 135 31 255 253 247 223 119 255 125 228 49 143 235 56 142 199 3 32 192 25 239 124 255 255 255 247 255 255 253 255 255 255 152 147 33 1 2 0 155 219 239 243 251 255 255 251 241 255 255 127 62 27 8 17 50
180 249 223 103 96 0 0 0 128 194 45 111 48 65 188 255 126 241 192 33 78 195 0 12 0 0 0 64 24 119 31 41 0 100 188 251 206 17 192 92 199 16 3 32 0 160 103 0 136 100 24 0 160 93 239 15 81 80 64 36 16 8 201 239
132 122 207 227 233 1 1 0 196 222 53 231 249 255 255 255 191 127 160 33 77 193 0 4 128 16 0 194 26 191 252 231 63 127 254 255 255 159 163 16 198 0 3 41 0 2 37 0 128 230 16 0 184 252 254 255 255 108 118 62 26 13 25 2
180 123 255 239 97 192 0 3 0 6 13 111 48 193 127 255 255 247 221 97 14 195 48 8 3 19 2 128 57 239 127 239 59 127 252 255 255 255 255 31 199 144 3 32 32 4 64 155 223 255 255 255 255 255 249 255 255 125 126 54 27 8 89 48
148 255 239 227 32 0 0 103 97 66 29 255 241 255 255 255 255 255 253 33 14 227 16 3 0 160 16 128 48 239 124 231 63 255 252 255 255 255 247 28 231 24 3 16 0 0 0 128 201 231 247 243 251 255 255 242 253 109 118 54 18 8 0 0
128 123 207 143 0 192 99 55 39 8 0 224 112 223 93 231 127 247 193 33 6 50 176 109 183 95 228 94 99 201 48 227 255 255 247 159 223 188 203 28 227 204 64 0 4 0 180 129 4 255 54 243 121 254 255 183 249 254 118 38 91 8 0 0
180 59 199 97 96 208 96 115 1 198 221 239 126 251 205 33 14 126 195 33 14 243 180 47 243 253 123 132 59 111 28 0 0 0 200 244 247 19 195 24 7 252 255 223 191 100 94 154 251 48 0 0 16 0 70 254 151 108 52 254 255 255 159 63
254 255 255 247 113 64 0 65 193 199 15 119 144 199 191 255 255 251 197 49 12 193 0 0 0 176 56 225 217 3 4 0 24 111 188 251 222 185 131 24 128 0 1 0 128 24 0 128 233 0 0 64 251 95 2 0 144 67 0 0 0 52 100 255
132 251 223 231 0 192 65 103 39 0 0 232 240 255 255 255 255 255 252 33 12 0 0 65 37 26 4 72 0 192 60 227 63 255 255 255 255 189 243 28 198 0 0 0 0 24 132 0 128 228 114 243 251 60 126 191 251 108 100 36 25 6 4 132
223 252 63 16 16 32 224 176 224 195 127 63 152 32 159 253 255 255 255 247 159 248 8 129 240 16 0 227 24 35 12 224 123 255 253 255 255 255 255 255 255 157 67 0 0 32 125 155 201 96 48 241 249 255 255 255 255 255 255 255 31 13 0 136
255 255 255 243 123 32 128 227 227 207 31 247 208 199 191 255 186 255 255 255 191 235 56 130 67 160 96 227 251 47 52 231 57 255 253 255 127 253 255 255 255 25 147 48 8 128 45 153 201 224 119 243 255 117 255 253 127 29 254 255 27 12 0 0
180 72 0 96 111 207 126 0 0 0 128 104 127 255 245 231 95 255 251 7 0 191 244 111 255 31 4 0 0 66 220 247 255 255 255 255 255 252 251 159 247 64 112 167 49 110 67 116 255 239 247 255 255 247 249 243 249 124 126 63 27 0 192 226
223 238 255 191 48 32 128 128 193 195 7 183 240 198 27 255 255 255 135 49 136 193 8 134 0 0 49 227 24 35 12 226 24 39 60 243 159 63 7 0 132 210 143 49 0 161 125 155 8 0 48 49 153 92 206 78 247 255 126 254 191 143 141 15
223 255 255 255 243 32 128 128 128 193 31 255 241 255 127 55 128 97 206 61 156 195 8 142 128 0 0 64 8 255 252 247 255 255 119 158 247 254 223 31 230 16 3 33 0 6 0 137 201 239 247 255 111 243 253 255 255 108 100 38 27 8 25 50
255 141 243 116 30 32 128 0 0 193 7 63 242 0 2 16 128 238 255 255 191 225 8 140 192 17 0 0 16 35 12 224 255 255 255 191 127 252 187 19 198 0 0 169 0 6 0 129 201 96 0 243 251 255 255 183 137 64 64 0 0 48 113 48
235 183 255 255 243 243 231 0 0 129 3 254 243 207 62 255 253 247 207 115 128 128 8 136 128 27 0 0 0 0 12 227 11 15 36 128 189 247 207 24 0 0 0 128 0 28 194 0 0 64 50 17 249 255 255 247 249 64 96 32 0 0 64 192
255 253 239 255 113 32 0 128 128 129 3 127 240 193 7 22 248 255 135 19 136 128 8 68 0 0 0 98 24 3 4 97 8 3 252 255 255 255 195 29 196 128 3 48 0 2 0 137 65 64 48 127 255 255 255 255 251 124 102 52 0 0 89 80
4 0 16 228 239 223 31 0 0 128 65 14 127 248 240 238 119 2 8 192 97 140 71 28 128 3 0 64 0 96 252 255 127 253 242 251 203 0 49 102 24 1 2 33 0 224 255 127 24 132 242 255 255 243 249 163 121 84 74 254 60 8 136 206
180 123 223 3 0 16 0 0 0 0 12 239 121 231 253 239 255 255 251 1 0 0 176 111 240 15 7 78 48 96 248 239 127 255 255 255 255 252 243 29 231 192 0 39 112 2 16 255 255 173 243 243 251 253 255 255 255 124 126 54 153 14 144 176
255 191 227 125 48 224 64 0 128 128 15 255 244 255 255 247 255 255 255 49 140 227 0 12 0 0 16 32 0 103 60 231 28 253 252 255 255 255 243 156 231 8 3 0 0 0 0 128 219 101 48 49 248 255 255 255 255 124 118 38 16 0 88 252
223 252 255 63 1 0 192 224 224 195 3 55 240 223 255 255 156 255 254 53 14 96 0 195 224 152 8 0 0 226 76 231 191 255 255 255 255 255 243 95 199 152 193 189 220 14 234 185 25 230 247 243 251 253 255 255 255 124 102 36 128 47 0 128
176 123 207 225 232 192 1 0 135 206 29 231 120 255 253 231 127 120 0 33 79 251 54 12 128 0 81 226 27 47 52 227 255 3 244 219 255 255 247 158 255 60 3 49 16 160 255 219 252 136 246 251 13 240 255 39 24 206 255 127 18 12 136 223
254 255 255 255 241 224 0 0 128 128 31 255 240 207 255 255 191 255 132 49 140 195 0 12 0 0 19 34 24 103 28 225 25 255 255 255 255 255 131 28 196 16 3 49 48 231 15 58 89 101 114 243 251 255 255 255 255 124 64 32 16 0 128 255
180 249 255 231 33 64 0 99 239 222 61 231 1 207 255 255 255 255 237 33 12 97 16 67 65 224 249 227 255 191 117 128 59 255 255 255 255 252 243 28 230 216 219 255 223 3 0 129 201 112 213 243 251 255 255 247 249 252 101 6 131 233 185 59
255 255 255 243 48 32 128 128 128 193 31 255 240 231 255 255 255 255 229 17 136 243 188 175 128 1 0 64 0 103 124 231 59 255 254 255 255 255 243 28 4 88 10 32 0 2 0 129 193 100 240 243 251 255 255 243 253 125 102 18 16 8 16 176
180 123 207 225 109 64 0 67 65 66 12 239 112 247 253 239 63 255 248 237 127 195 0 0 0 240 127 175 49 100 248 239 63 39 0 0 0 156 252 119 198 0 145 153 255 253 255 127 18 133 255 95 0 0 0 192 38 215 255 37 138 255 239 255
244 191 215 96 96 208 0 0 128 134 13 255 254 251 255 255 255 255 255 33 8 211 52 12 0 0 0 98 24 103 188 231 30 255 255 255 255 255 243 28 132 16 3 48 0 3 0 129 193 228 114 241 251 255 255 243 255 255 118 50 30 140 29 0
255 253 255 119 16 96 64 0 0 129 63 255 241 207 255 255 255 255 253 49 14 128 24 77 128 1 0 64 24 103 28 225 27 255 255 255 255 255 255 31 199 128 2 49 0 0 0 137 201 229 119 243 251 255 251 241 255 255 102 36 25 12 25 56
240 255 231 251 255 196 1 135 199 6 28 248 245 255 79 50 128 68 150 191 188 199 57 14 7 98 100 136 33 68 60 243 221 255 255 255 255 229 147 19 140 16 18 49 19 7 0 0 195 237 242 255 255 255 255 255 251 124 64 0 64 184 17 48
127 252 255 18 240 249 247 128 0 129 127 62 177 255 255 255 255 255 253 17 128 145 188 236 144 7 2 0 16 115 92 229 63 255 255 255 255 253 243 28 225 68 0 33 48 6 0 0 201 228 247 247 251 125 255 255 255 125 102 34 0 32 177 242
79 254 255 247 145 97 195 128 173 219 3 144 192 207 255 255 255 255 255 49 142 0 0 0 0 16 8 112 64 139 108 230 59 255 255 255 255 255 247 28 198 0 3 0 128 16 5 0 0 238 119 243 251 255 255 255 251 108 100 36 27 0 68 236
176 59 195 233 236 220 9 3 131 134 13 224 124 243 205 47 15 254 251 175 31 255 48 12 3 96 255 255 121 4 48 227 12 253 255 127 3 0 16 192 231 3 23 17 179 177 8 198 103 128 34 241 251 255 255 179 225 0 88 255 26 13 0 0
180 137 223 38 2 0 0 97 225 246 127 111 59 13 254 255 255 255 253 97 14 225 0 3 96 160 56 161 8 55 158 160 51 255 254 255 255 255 243 28 231 152 3 0 140 177 111 1 0 0 246 247 251 255 255 255 223 108 118 54 19 192 68 207
180 11 81 36 46 0 0 97 241 230 253 239 63 0 0 136 111 234 249 239 127 64 0 2 97 184 56 227 8 103 254 125 102 216 251 255 255 253 243 151 207 16 208 156 253 191 1 0 128 100 58 128 242 125 122 191 251 127 126 36 155 255 255 63
180 123 255 255 239 1 0 67 199 206 28 227 243 255 255 255 255 255 188 97 12 227 48 2 67 240 255 255 127 252 252 231 63 255 255 255 255 253 243 28 230 152 211 57 191 183 8 134 223 231 247 243 255 255 255 247 249 124 118 54 27 193 208 241
160 127 207 227 224 0 0 103 71 78 28 233 240 247 223 111 30 125 226 33 14 227 0 0 64 208 24 0 0 4 60 225 25 55 31 0 0 0 136 112 199 155 3 0 171 247 255 255 63 29 0 115 155 6 0 0 0 128 129 255 59 197 77 71
180 9 83 96 46 64 0 99 251 230 236 111 10 0 0 200 127 255 169 35 12 1 16 0 105 188 56 129 0 6 15 56 0 252 254 255 255 255 191 156 230 216 1 0 201 16 0 129 65 116 191 196 255 255 251 255 255 108 118 54 95 4 0 148
32 123 223 239 231 195 71 14 0 254 253 239 127 255 124 225 79 127 217 225 14 131 48 76 135 65 227 198 31 63 244 224 199 159 255 146 247 254 247 223 255 0 16 33 51 118 251 251 8 64 0 48 24 12 0 108 30 255 103 36 128 238 255 95
176 255 223 225 96 192 0 103 67 70 12 233 240 255 255 127 158 255 230 37 14 227 48 2 67 242 255 191 123 68 48 227 159 255 255 191 255 254 239 24 231 16 147 24 255 253 255 126 62 139 98 243 251 38 0 240 151 73 116 55 2 231 239 255
180 217 223 39 96 208 96 0 0 246 125 239 115 207 4 225 126 251 195 33 14 243 182 47 128 1 0 0 0 39 252 255 107 141 0 144 156 19 192 0 0 124 63 113 0 6 231 25 0 100 242 189 12 2 0 0 7 1 184 251 127 31 1 130
180 251 223 99 32 64 0 0 193 194 13 239 241 239 255 255 255 255 193 33 12 225 16 14 225 19 0 194 8 99 60 227 8 111 252 255 255 31 195 24 231 24 147 33 0 0 0 137 193 0 48 48 184 252 254 255 219 104 0 182 59 12 25 48
252 255 239 243 96 192 0 0 128 134 31 255 249 255 255 255 191 255 196 49 14 227 48 12 128 0 97 239 25 101 124 231 31 127 255 255 255 255 195 28 198 24 19 57 51 163 185 139 0 229 50 241 187 252 255 247 255 124 118 62 27 205 153 19
176 123 223 111 224 215 127 2 131 134 13 110 48 199 253 239 52 16 0 0 64 130 182 124 147 79 65 66 0 0 16 224 255 255 255 255 255 16 3 28 241 231 54 255 18 226 255 65 0 0 242 243 255 255 255 247 249 124 126 254 159 207 255 10
255 255 255 247 240 255 128 129 1 135 31 255 240 195 255 127 180 255 255 255 155 255 61 142 0 96 55 36 0 108 60 227 191 255 253 165 47 252 255 43 133 0 18 17 33 225 6 50 219 237 114 115 25 244 159 5 0 64 229 33 0 174 136 173
255 255 255 243 17 32 128 192 64 65 31 255 240 199 31 126 152 96 132 49 236 227 31 143 225 147 6 5 0 236 60 231 24 33 8 112 192 3 129 0 134 56 223 57 61 70 243 34 154 239 251 127 128 200 230 254 223 117 32 0 18 9 1 0
255 191 231 241 112 32 128 227 227 71 158 255 255 243 238 59 143 252 134 17 128 227 60 167 99 230 127 129 0 4 60 225 132 255 207 61 175 252 207 28 36 216 219 91 191 23 130 244 251 4 34 179 187 46 16 16 188 239 118 63 31 205 149 55
32 123 223 239 193 193 103 0 128 128 57 78 48 199 253 239 127 255 249 33 6 130 32 76 0 0 0 102 0 252 125 231 127 255 255 255 255 252 243 24 0 0 10 253 50 7 184 191 17 229 247 247 255 255 255 243 249 124 126 62 31 202 95 16
180 123 207 97 224 80 0 65 0 66 13 111 48 227 253 239 127 253 64 33 74 243 182 127 215 7 32 69 0 101 61 231 255 255 255 255 255 252 227 28 4 16 248 255 33 2 240 255 17 207 247 247 255 255 249 243 255 124 126 62 0 42 17 0
4 120 95 227 233 219 55 0 128 158 53 230 121 4 156 239 126 0 0 32 99 155 247 126 223 31 0 192 255 255 119 143 57 70 146 123 222 3 96 198 25 35 48 231 16 6 0 128 205 255 223 207 39 65 108 110 255 255 126 190 0 0 16 0
180 59 1 0 96 220 127 16 131 134 221 238 127 113 252 239 127 191 97 0 2 16 244 125 191 47 97 206 8 1 16 225 127 255 255 191 255 254 243 156 113 236 120 247 81 98 253 73 0 64 246 247 255 255 249 251 249 108 118 7 237 26 128 128
251 255 255 17 16 224 96 0 0 128 3 254 248 255 255 255 191 255 196 17 134 176 140 237 178 31 0 64 0 3 4 225 24 127 255 255 255 29 195 24 35 0 0 33 0 6 0 137 201 32 0 113 185 253 255 255 251 108 100 32 16 0 16 16
254 255 239 241 249 232 0 0 128 135 31 255 176 231 159 63 146 64 4 49 200 195 62 14 128 1 0 64 8 239 61 231 16 100 143 60 226 202 15 30 180 16 19 49 0 6 103 24 8 229 255 31 0 248 255 255 251 108 64 32 16 8 137 250
235 255 255 243 241 224 129 199 7 13 10 240 240 255 255 255 191 123 196 49 140 195 56 128 71 83 228 88 1 4 48 231 191 255 255 255 255 220 227 30 198 144 19 32 2 0 0 193 247 239 243 243 255 255 255 255 255 108 102 36 18 0 0 0
160 255 223 227 224 192 1 7 2 0 0 232 240 231 191 255 255 255 195 33 8 227 52 12 135 99 199 28 115 236 16 131 25 39 188 243 142 17 3 8 0 0 26 64 34 64 248 231 6 147 54 115 155 12 2 14 151 64 0 128 100 60 0 0
180 251 255 239 3 0 0 97 225 198 13 111 112 199 61 255 253 255 255 47 12 0 0 64 96 184 56 227 57 231 61 231 25 103 252 231 127 255 255 25 198 128 193 140 200 168 125 155 219 239 119 119 169 124 254 253 255 127 100 4 203 59 0 128
252 255 255 247 112 192 0 67 1 199 31 127 176 65 254 255 191 255 236 49 140 227 60 142 195 225 51 132 57 103 31 0 0 252 255 255 239 0 0 0 134 27 159 57 59 231 91 18 218 53 8 36 226 253 255 183 1 0 128 201 127 221 157 59
254 255 255 243 112 64 0 193 193 207 31 127 144 231 255 255 191 255 196 49 142 227 24 142 193 161 35 135 187 39 20 0 0 254 255 189 207 24 131 16 198 26 147 57 191 247 3 154 201 0 0 0 251 15 2 0 0 131 193 101 26 205 221 63
128 123 223 227 225 128 1 70 199 0 0 224 112 199 255 255 255 255 233 33 12 195 48 6 199 18 0 0 0 192 124 231 127 255 255 255 255 253 227 28 230 152 147 61 27 38 251 33 190 239 247 247 255 255 255 255 249 124 118 54 147 239 25 2
180 120 223 231 225 81 0 0 128 194 125 239 49 71 61 239 126 251 193 33 10 195 16 14 128 1 0 64 0 35 252 255 49 5 16 192 222 19 7 0 196 18 2 49 0 6 231 56 25 228 255 255 175 195 232 255 215 104 64 32 24 8 0 170
199 255 255 247 241 225 3 128 132 0 16 186 240 255 255 247 223 255 255 55 142 243 60 15 128 2 128 106 0 1 40 227 25 39 252 255 63 125 251 189 231 28 3 32 0 0 164 137 0 64 114 115 25 92 78 148 254 255 255 54 16 8 0 0
128 255 207 193 192 208 97 22 6 0 0 224 240 255 255 119 31 120 64 0 0 178 182 127 150 71 198 28 96 0 0 227 25 191 255 60 199 16 67 12 33 236 254 247 34 102 255 101 32 75 18 243 255 247 177 35 145 108 0 218 229 62 25 10
240 255 239 243 225 0 0 71 199 0 12 249 240 255 255 247 159 125 244 57 14 195 0 0 0 0 0 96 32 67 60 227 255 255 247 159 255 223 243 30 198 0 2 32 0 0 32 253 1 192 114 243 255 255 251 51 153 108 118 36 16 8 0 0
193 255 239 243 241 225 195 7 6 0 0 248 241 255 255 127 159 113 4 48 204 227 58 140 135 115 199 24 0 64 56 227 159 255 255 60 196 0 0 0 246 35 23 33 51 102 199 100 254 175 66 243 255 167 49 3 1 0 154 239 58 205 223 62
252 255 255 255 103 64 0 0 193 207 63 255 176 67 31 126 248 247 255 255 191 227 16 4 129 16 97 231 27 47 20 0 0 98 124 231 255 255 255 255 255 24 19 41 145 51 40 155 73 0 0 48 249 253 254 255 255 255 255 38 26 0 81 0
254 221 255 127 32 0 0 128 225 199 15 127 144 1 6 223 252 243 255 255 63 225 0 4 128 0 33 227 25 35 4 0 0 99 124 239 127 255 255 255 255 25 131 57 16 3 40 219 73 0 32 48 249 253 254 255 255 255 255 63 27 128 89 0
128 51 223 239 231 195 5 4 150 238 1 224 114 255 253 231 31 255 251 231 14 0 0 0 0 224 251 255 91 136 240 255 255 255 247 255 255 255 255 31 196 152 251 253 243 225 189 110 36 239 247 255 255 247 253 243 255 125 118 54 135 193 255 255
4 96 204 143 1 0 66 40 255 254 0 0 0 158 121 103 28 255 131 0 4 0 0 64 0 8 24 32 0 0 8 230 153 255 29 144 189 87 199 28 226 128 0 148 196 159 226 249 125 254 119 247 251 255 251 255 247 124 126 63 159 207 255 127
180 255 255 231 97 64 0 0 128 128 61 239 241 199 31 127 156 113 236 47 12 195 0 4 0 0 16 96 0 103 124 227 9 5 16 0 0 0 204 123 198 17 3 49 0 167 239 57 0 229 50 61 8 0 0 8 6 147 255 37 0 136 9 139
180 59 215 239 103 0 0 0 0 128 29 239 118 203 108 238 127 255 249 239 14 195 0 12 0 0 16 0 0 103 188 239 8 73 248 239 95 61 146 16 198 0 3 49 0 133 7 190 91 101 50 177 186 76 78 12 130 67 96 37 0 232 255 127
252 253 255 255 115 64 0 0 0 130 15 127 176 65 7 28 144 225 143 127 188 195 0 12 128 1 0 64 24 103 28 101 0 1 0 0 0 0 140 115 206 19 3 32 0 64 255 1 128 228 255 31 0 2 0 0 6 131 253 101 16 12 13 142
180 59 223 231 96 64 0 1 129 130 13 239 115 195 44 235 252 255 255 239 31 195 16 14 129 0 0 0 0 100 60 227 251 3 0 0 4 16 252 123 199 17 3 0 17 246 255 57 154 165 242 63 12 0 0 0 0 131 237 37 16 12 205 207
48 80 31 66 11 137 86 123 40 20 33 0 0 132 181 239 127 255 163 64 79 123 246 123 123 239 31 0 132 16 13 128 127 255 255 147 191 254 175 128 247 254 255 95 239 197 198 0 252 176 231 255 255 255 255 243 249 0 0 206 247 255 127 32
48 89 223 111 225 211 2 2 0 0 125 79 48 64 20 12 32 247 219 239 127 130 0 8 0 65 127 239 189 119 83 77 177 228 29 39 40 112 220 113 128 0 3 152 32 64 60 207 99 121 193 229 255 255 255 19 32 254 255 53 158 47 24 0
180 59 67 32 32 80 0 0 129 198 255 255 255 127 254 249 15 120 224 33 111 129 16 68 0 32 49 231 57 255 255 185 167 28 242 255 239 157 227 158 255 2 18 189 249 251 127 26 219 119 0 0 0 8 254 255 251 124 118 36 128 239 255 127
176 59 195 233 239 207 0 3 0 0 141 239 127 255 68 0 0 76 59 239 125 207 115 14 3 99 6 0 49 102 252 243 255 147 225 206 243 239 52 131 156 19 18 49 35 70 210 1 218 109 178 59 236 255 255 255 251 52 64 168 0 0 16 178
148 123 223 239 231 65 0 79 79 74 28 233 113 199 28 106 32 231 155 111 28 65 16 2 69 240 255 191 2 72 248 255 255 255 247 255 255 255 247 31 238 144 147 8 203 249 220 103 54 207 247 255 239 255 255 255 249 78 102 38 27 197 110 69
176 59 195 233 239 207 8 3 0 0 157 239 127 255 68 0 1 78 59 239 125 207 115 14 3 99 6 0 49 102 252 251 239 155 225 134 243 239 52 131 156 19 18 49 35 70 210 1 218 109 178 59 232 255 255 255 251 52 64 168 0 0 16 176
224 59 7 224 232 220 57 0 128 128 9 238 126 243 140 34 66 24 35 2 1 255 247 63 0 0 0 110 56 99 60 243 72 145 239 255 255 255 35 141 57 254 15 49 0 2 0 137 251 239 62 0 255 255 255 247 249 124 54 154 118 140 25 58
176 27 130 64 72 220 124 0 128 128 137 110 126 97 196 139 111 190 97 0 0 191 247 127 128 0 0 110 56 103 28 97 0 248 255 255 255 253 243 158 49 252 47 51 0 2 0 136 251 255 158 199 251 255 255 243 249 124 38 146 117 136 25 50
148 123 207 1 0 16 0 80 224 202 21 7 0 0 13 47 124 240 64 33 78 241 134 22 208 128 17 1 0 2 13 160 56 99 4 17 204 19 195 4 21 60 171 17 152 183 239 0 152 124 247 211 191 199 129 226 255 255 126 63 22 239 255 63
180 59 215 229 98 192 0 3 0 6 13 239 114 235 253 239 127 255 233 33 12 195 48 12 3 225 127 175 57 100 28 227 63 255 255 255 255 253 243 30 198 16 19 16 187 241 255 126 27 133 114 243 251 255 255 191 249 126 102 36 0 237 237 79
180 121 223 227 239 223 31 0 128 158 253 15 0 1 189 236 115 207 41 96 1 207 119 62 131 97 243 230 191 127 255 173 49 252 255 255 255 253 51 140 0 112 30 1 0 0 0 191 255 255 223 199 251 255 255 247 249 124 54 18 124 8 16 0
75 254 255 243 241 161 131 128 132 153 3 208 241 239 31 118 128 65 198 255 255 243 41 140 132 1 0 64 0 255 252 255 255 167 19 4 0 224 236 247 255 19 3 32 0 2 0 0 200 239 255 223 100 187 1 241 255 151 218 109 16 0 0 192
0 0 0 236 255 223 63 0 128 128 1 6 80 216 65 6 0 6 59 206 113 140 3 4 0 0 0 64 0 3 12 96 0 179 77 102 0 0 16 99 128 0 0 0 0 0 37 8 192 32 48 49 25 12 6 4 0 208 193 0 16 44 0 136
180 123 195 107 96 192 64 0 128 134 253 239 127 255 253 231 127 255 251 227 15 227 0 4 0 0 0 64 8 103 252 231 31 61 248 224 191 127 247 157 247 0 3 32 0 0 0 128 201 101 50 49 0 0 0 92 254 255 255 36 16 0 88 48
180 253 223 99 97 0 0 0 128 198 61 239 49 103 255 255 127 249 224 33 12 195 0 12 128 0 1 66 24 103 124 229 17 103 254 255 255 255 227 30 198 16 3 33 48 183 251 187 0 100 50 113 184 252 255 63 216 254 103 36 16 0 197 223
128 123 223 227 225 192 1 6 4 0 0 192 112 199 189 239 126 113 128 33 0 131 48 108 134 67 199 28 0 128 8 162 25 255 191 63 206 16 3 24 228 194 19 53 50 103 251 103 0 255 23 67 251 62 35 35 209 104 116 255 191 143 153 51
180 255 255 239 0 0 64 96 32 192 5 111 112 199 31 255 252 255 223 39 12 0 0 65 225 27 0 64 56 99 12 225 24 103 28 225 28 127 207 24 64 128 64 236 252 30 33 155 219 32 0 112 187 76 70 12 134 75 96 180 137 98 127 114
4 96 31 7 0 17 99 124 255 0 0 0 0 196 25 239 127 251 1 0 0 0 128 112 16 142 156 121 0 192 105 255 121 33 16 243 158 19 3 0 96 2 4 198 64 152 164 1 144 239 255 127 4 65 206 254 255 127 16 190 0 32 0 128
180 27 193 232 238 222 24 0 0 0 141 239 126 241 64 0 1 0 0 168 121 255 119 62 128 3 0 64 0 3 180 251 238 145 67 28 0 132 25 230 24 119 15 33 0 0 0 129 193 96 178 61 72 251 191 243 249 180 3 136 118 8 24 16
176 127 239 251 109 192 0 67 3 198 61 239 49 67 28 104 249 255 131 33 76 67 48 0 3 241 255 239 59 127 126 255 0 0 24 113 187 127 143 20 246 154 3 0 131 240 253 191 255 255 63 4 160 77 2 64 150 255 255 255 27 13 4 140
132 123 255 239 227 193 3 4 4 8 1 128 80 199 61 254 255 255 217 35 12 227 48 111 231 3 130 16 210 131 0 194 25 239 60 227 159 255 255 62 6 24 210 177 59 6 114 251 255 255 255 207 227 11 0 248 6 1 64 0 0 40 25 50
176 255 255 243 233 192 0 3 0 0 29 239 241 255 255 255 158 105 236 57 12 195 48 14 3 3 2 0 48 103 124 227 155 47 191 8 70 152 239 58 198 0 0 32 32 86 67 26 219 229 114 115 27 2 1 0 248 255 119 36 0 32 97 254
254 255 239 251 48 96 128 129 193 207 15 247 241 247 31 119 140 113 214 63 142 243 184 143 247 227 35 128 25 39 116 227 217 7 0 0 4 18 192 123 199 28 242 189 255 127 67 16 233 160 247 63 4 0 4 12 0 128 237 37 139 231 247 247
0 120 255 239 227 211 39 31 0 0 0 0 64 192 29 238 252 255 75 98 78 3 0 0 23 123 238 28 246 192 1 0 0 0 60 227 255 119 71 20 0 0 0 128 0 24 244 231 0 80 8 0 144 12 206 252 215 101 64 32 72 54 2 0
225 255 255 243 240 224 193 7 2 13 31 254 249 231 30 51 140 249 199 55 140 163 56 205 247 127 70 132 51 239 124 255 8 1 0 0 4 80 206 121 231 136 209 175 255 94 82 18 203 239 63 1 0 0 0 0 0 219 229 36 139 127 179 50
252 191 255 241 96 192 0 1 1 198 31 255 240 195 191 255 190 251 238 61 12 195 48 12 195 49 99 198 24 108 60 227 24 99 252 255 254 253 255 127 231 152 19 41 179 6 0 128 219 237 50 113 153 124 255 255 255 255 126 63 159 13 16 0
180 255 255 231 0 0 64 96 0 0 28 255 241 239 191 255 190 113 196 33 14 227 0 11 225 179 31 12 0 236 252 231 187 239 191 191 254 251 231 31 231 152 211 57 44 68 218 183 16 239 247 243 57 36 48 240 255 253 255 62 27 64 216 88
176 19 194 239 102 134 12 0 0 128 205 239 118 0 0 8 96 128 251 239 60 128 0 0 0 16 0 0 0 99 190 123 0 0 0 64 0 229 156 123 192 0 1 0 0 148 103 0 200 229 58 0 20 197 7 0 32 251 225 32 0 64 109 206
225 255 255 247 241 128 129 198 199 207 31 255 241 207 255 255 255 255 253 123 142 227 0 128 199 19 0 64 0 237 252 239 59 255 252 227 255 255 255 127 231 24 3 32 0 0 37 185 219 239 247 247 251 255 255 255 251 255 127 54 26 0 77 78
180 123 95 32 32 80 0 115 227 66 60 239 123 239 189 255 255 255 225 33 8 251 246 47 81 166 116 233 57 255 28 161 59 255 255 255 255 255 247 31 0 84 184 194 15 27 0 133 218 161 255 255 255 255 255 255 255 127 118 0 92 190 63 16
0 254 255 227 225 1 1 0 206 0 0 0 64 199 255 255 255 251 192 33 8 195 36 14 0 0 149 123 64 128 9 128 25 127 254 255 255 19 131 24 0 0 2 16 0 153 248 255 62 159 7 64 187 253 254 255 215 104 64 0 80 128 64 0
252 255 255 255 127 0 128 195 67 199 31 255 247 207 254 255 168 227 252 63 140 227 56 138 67 225 127 167 25 238 124 227 9 1 16 96 0 0 136 48 134 24 155 24 187 213 216 147 218 101 48 48 24 12 7 1 232 227 96 52 30 205 132 255
252 255 255 247 241 225 0 0 0 135 63 255 241 255 255 255 191 255 255 245 143 227 56 12 128 1 3 132 25 255 252 231 63 127 252 225 191 127 255 255 231 16 19 49 32 228 127 0 222 255 255 255 175 13 0 72 6 73 100 38 26 13 0 128
252 191 231 249 252 252 0 1 129 135 31 255 255 255 254 51 135 64 116 185 251 223 59 142 131 33 97 198 25 103 252 227 207 255 255 28 231 220 123 130 221 18 146 49 51 226 255 63 26 229 50 51 217 174 33 0 8 166 247 105 16 136 153 0
252 255 239 241 112 0 0 0 193 199 31 255 255 255 255 255 255 255 255 191 143 227 0 4 128 0 0 194 24 239 124 227 63 127 252 255 255 255 247 255 255 152 3 57 0 2 33 152 219 239 50 113 25 76 126 252 255 255 255 54 27 13 25 50
128 255 223 227 128 0 1 100 230 206 29 239 113 231 255 255 191 249 192 1 12 96 0 3 100 152 136 128 27 255 60 163 0 124 254 255 255 157 195 24 198 216 203 8 254 31 66 1 218 127 8 0 160 252 255 255 217 108 100 4 223 223 159 255
244 255 255 255 99 0 0 0 128 198 29 255 241 207 255 255 255 255 255 247 143 227 16 14 192 1 0 192 25 255 252 239 63 255 252 247 191 127 255 153 231 152 3 33 0 2 33 154 223 239 255 247 255 127 218 253 255 125 126 54 27 8 25 58
32 251 223 227 225 193 99 2 0 0 25 206 112 199 255 255 63 249 0 0 0 130 48 108 135 95 231 94 48 100 56 231 24 101 254 127 206 0 2 0 96 194 4 1 114 120 248 255 55 129 98 119 187 252 127 39 129 104 255 255 191 127 31 0
255 255 239 49 0 32 64 0 128 128 1 2 192 231 255 255 255 121 196 1 0 128 0 4 128 0 1 98 8 3 0 0 24 255 254 255 255 27 131 24 192 0 2 185 16 0 8 249 65 0 0 64 251 253 255 255 217 124 116 52 138 47 16 0
252 191 231 241 240 64 0 0 129 198 31 255 255 255 255 243 223 120 196 49 206 227 48 14 128 32 19 0 8 102 60 227 8 1 138 24 198 16 131 16 247 26 147 49 16 36 78 0 216 237 58 61 206 207 227 3 144 0 80 237 123 13 128 185
176 255 239 227 0 0 0 0 227 206 29 239 240 199 255 127 191 249 196 1 12 128 0 68 128 232 121 103 9 108 60 161 0 103 156 121 142 25 203 24 0 144 219 255 223 169 8 169 1 101 0 0 184 236 231 135 241 106 0 182 167 227 255 0
128 255 255 227 192 128 65 0 0 0 16 254 241 239 255 255 255 255 236 33 12 0 0 0 0 26 12 0 0 96 124 227 63 127 254 255 255 191 243 28 230 136 3 8 128 4 0 180 89 237 247 247 255 255 255 255 255 108 100 54 155 205 93 48
223 255 255 255 17 32 128 128 225 195 7 255 241 199 255 255 191 255 255 255 159 225 8 128 0 128 57 227 8 35 124 231 63 255 253 231 127 255 255 255 255 155 3 0 0 176 12 137 193 100 114 243 251 125 254 255 43 156 223 255 27 205 204 205
176 255 223 225 224 208 33 3 0 0 8 236 240 231 255 255 255 249 64 33 74 147 176 12 135 3 0 128 113 3 20 227 25 255 255 255 255 25 195 28 245 4 2 32 0 0 4 128 239 168 34 243 251 255 255 179 209 76 0 0 80 8 0 128
176 187 255 103 224 208 32 87 231 206 28 251 251 255 255 255 255 255 252 33 0 243 52 32 19 84 224 225 123 239 252 227 31 255 255 255 255 255 243 30 231 84 3 32 2 2 0 137 223 239 50 65 249 252 255 255 255 124 118 38 26 0 0 128
180 251 223 1 0 80 96 48 0 0 12 239 112 195 255 255 255 255 255 33 14 48 176 111 243 15 39 79 56 96 48 239 63 255 255 255 255 252 251 127 231 140 32 0 32 0 0 255 251 239 243 247 251 255 255 255 255 124 103 54 153 14 16 16
240 255 255 247 225 192 0 67 67 0 12 255 240 199 255 255 255 255 205 49 12 227 32 0 195 19 0 192 57 231 60 231 57 255 255 255 255 255 243 28 198 16 3 0 0 22 0 129 203 229 114 243 251 255 255 255 251 124 100 36 16 4 16 0
255 255 255 243 112 32 0 128 128 129 31 255 241 231 255 255 255 255 229 17 128 243 188 175 128 0 0 64 0 103 124 231 59 255 254 255 255 255 243 28 36 80 10 32 0 2 0 128 193 100 240 243 251 255 255 243 255 125 102 50 16 8 16 178
252 255 255 119 112 224 0 0 0 128 31 255 240 239 255 255 255 255 253 49 14 128 16 76 0 0 0 102 24 103 28 225 27 255 255 191 255 255 255 31 199 128 3 49 0 2 0 129 193 228 118 243 251 255 251 243 255 255 119 54 19 140 25 16
255 255 255 55 0 32 192 225 231 207 14 243 241 255 255 255 255 255 253 49 142 32 8 195 96 248 57 163 0 0 0 224 63 255 255 191 255 255 255 28 198 152 208 156 221 185 143 64 176 8 194 243 255 255 57 48 184 239 103 36 139 255 34 0
255 253 255 115 240 241 34 0 0 129 47 126 177 255 255 255 255 255 253 49 130 147 188 140 128 3 3 4 24 98 252 231 63 255 254 255 255 253 243 28 229 0 0 33 48 22 0 0 217 237 247 243 255 125 255 255 255 125 102 32 0 32 117 48
251 191 255 113 0 32 192 226 226 197 14 255 248 239 255 255 255 255 252 49 143 32 8 195 226 26 0 64 0 1 60 227 63 255 255 255 255 253 243 28 199 152 195 189 76 6 160 129 0 228 247 247 251 255 255 255 217 108 118 54 3 0 81 0
180 255 255 255 227 0 0 111 239 222 60 243 243 255 255 255 255 255 252 113 12 227 48 3 231 243 224 129 7 255 252 231 63 255 255 255 255 252 243 156 231 24 211 32 143 22 0 128 193 224 243 243 255 255 255 247 217 108 102 36 18 0 0 176
176 121 223 239 227 195 7 2 130 254 253 255 127 255 124 225 79 127 217 227 14 131 48 76 135 97 227 230 31 63 240 224 199 159 255 154 247 254 247 223 247 0 16 177 51 234 255 251 32 0 34 49 24 0 4 12 30 207 103 32 128 255 255 15
196 255 239 243 128 0 193 255 111 79 16 240 241 247 255 255 191 255 254 49 14 32 48 195 119 251 254 255 255 137 48 195 63 127 255 177 175 222 207 24 231 8 240 188 255 31 0 207 255 155 66 115 41 12 0 0 134 73 244 55 137 103 50 16
180 153 223 103 96 208 32 0 0 246 125 239 115 207 36 225 126 251 193 33 78 243 182 15 128 1 0 0 0 39 252 255 107 141 0 144 158 19 64 0 0 252 31 49 0 102 255 24 8 100 242 189 12 130 4 64 7 1 184 219 127 12 1 130
67 2 0 8 4 4 120 244 244 233 210 139 14 16 64 0 1 36 243 142 20 36 0 97 32 28 8 0 10 203 175 255 230 144 225 95 113 253 255 63 0 136 104 254 196 31 0 0 192 96 185 24 64 249 255 253 248 111 100 16 132 255 127 48
252 255 231 113 96 0 0 64 0 0 0 127 240 247 255 63 156 125 246 5 0 227 20 46 195 151 38 95 120 97 16 231 157 55 13 4 38 94 255 61 231 216 147 43 187 118 185 15 2 239 119 115 169 175 147 209 254 75 100 38 27 13 129 255
240 191 247 255 111 0 0 67 66 0 12 255 255 219 46 242 235 239 159 243 12 195 32 2 195 243 127 175 57 100 176 243 111 219 36 130 25 35 144 80 198 16 145 137 187 249 220 255 127 137 50 49 88 0 200 206 247 127 104 36 10 231 255 93
176 255 239 227 97 0 0 64 0 0 13 239 241 231 255 127 158 121 196 33 14 227 32 14 195 19 6 0 0 102 124 231 25 255 255 255 255 152 195 28 231 16 1 32 191 127 211 16 136 101 50 113 251 255 255 255 217 0 64 37 18 192 127 32
180 255 239 227 225 64 0 0 0 194 29 239 240 247 255 255 191 113 192 33 12 227 16 12 193 19 3 0 16 98 60 227 25 255 255 255 255 156 195 24 198 16 19 41 185 118 83 16 216 109 50 81 249 252 255 255 217 0 64 32 18 192 127 32
255 255 255 49 0 0 192 241 225 199 15 255 248 255 255 255 255 255 228 49 12 32 24 195 97 168 121 231 8 0 0 224 8 255 255 255 255 157 227 28 70 152 248 222 205 169 253 105 32 0 50 17 128 124 38 38 217 111 100 4 223 223 110 77
180 251 255 239 3 0 0 97 225 198 61 239 113 199 61 255 253 255 255 47 12 0 0 67 96 168 57 231 59 255 124 231 9 100 252 231 255 255 255 25 198 152 192 132 64 160 45 191 255 255 15 4 178 124 254 255 255 125 100 4 193 16 0 205
252 255 255 247 241 192 0 3 0 199 31 127 16 1 254 255 191 255 132 49 136 195 56 14 195 225 115 132 153 103 31 45 0 252 255 255 255 1 0 0 132 19 159 121 59 231 83 2 218 32 8 4 226 253 255 191 129 0 16 201 255 159 129 187
0 255 255 247 227 1 1 4 4 0 16 236 241 255 255 255 255 255 237 33 12 227 32 14 198 3 135 30 50 252 252 231 127 255 255 255 255 253 243 28 230 216 211 61 48 228 255 127 254 175 243 243 255 255 255 255 255 124 118 54 147 205 153 10
254 255 255 247 33 0 0 193 227 223 7 51 128 199 31 254 254 251 133 49 140 225 16 6 64 160 241 247 217 129 1 0 24 239 28 32 0 2 142 16 230 154 211 189 157 163 185 201 164 122 4 64 27 4 0 8 6 1 192 255 155 255 255 27
160 255 207 193 192 192 97 38 6 0 0 232 240 255 255 119 31 121 192 0 0 34 180 127 183 79 199 28 32 192 24 227 25 255 255 62 199 16 131 24 32 204 124 247 118 238 255 100 0 71 16 243 255 183 57 35 145 0 0 193 229 178 235 235
254 253 255 255 47 0 0 64 225 199 7 39 144 197 127 254 249 255 255 255 63 225 0 0 0 128 56 227 8 3 0 0 16 255 252 239 255 255 255 255 255 24 131 24 0 0 40 249 1 64 48 115 251 124 254 124 254 255 255 38 18 8 0 0
132 255 207 227 225 64 1 71 239 74 60 255 255 255 255 255 159 127 254 189 15 65 16 66 69 226 189 0 2 72 252 231 159 255 255 255 255 253 251 159 239 156 147 16 255 23 2 0 65 228 50 49 232 253 255 247 25 0 0 231 251 5 144 255
180 25 195 248 111 68 0 0 128 130 141 111 124 81 4 0 0 64 3 255 125 195 1 12 0 0 19 102 0 100 156 127 192 1 1 0 32 66 28 247 255 19 3 49 0 1 152 171 217 229 255 29 6 243 253 79 96 146 219 237 18 140 29 16
180 59 223 239 96 64 0 0 129 130 12 239 115 207 44 163 76 255 255 239 63 195 16 14 129 34 1 0 0 100 60 227 255 3 0 0 0 16 252 123 199 17 3 0 17 244 255 63 218 133 242 63 13 0 0 0 0 131 237 37 16 12 205 14
176 19 215 237 239 143 4 2 215 254 73 99 66 139 109 238 123 198 57 235 127 195 32 4 130 16 64 66 9 191 255 255 26 252 255 255 255 253 19 146 255 255 151 57 18 2 233 137 128 239 255 196 255 255 255 255 249 124 18 174 19 201 93 0
184 153 223 96 96 208 96 0 128 132 13 78 176 255 255 255 191 255 252 33 2 251 244 47 128 0 1 194 185 231 29 231 63 255 255 191 207 156 251 28 1 68 10 49 16 39 1 152 255 255 87 243 251 60 39 0 152 254 103 0 16 140 153 50
4 120 223 239 3 1 0 0 0 192 1 135 113 207 61 102 24 99 2 1 76 192 2 14 192 145 31 0 16 242 108 231 219 239 63 20 160 240 143 63 246 184 195 61 184 103 218 191 223 255 87 195 255 255 191 241 253 77 118 55 2 65 144 0
4 252 223 163 225 241 115 0 128 152 53 142 177 255 255 255 191 255 252 33 2 145 180 109 0 0 0 226 254 255 125 167 31 255 255 189 207 156 243 28 97 204 27 49 0 0 0 191 255 255 65 243 187 12 39 0 144 254 103 6 17 8 25 58
180 255 255 227 224 192 0 3 1 2 12 239 240 255 255 255 255 255 252 33 14 195 16 0 1 242 127 175 57 100 60 227 63 255 254 187 207 188 251 30 199 16 19 25 187 241 255 62 27 129 114 243 255 255 255 255 249 124 118 36 18 205 237 15
128 127 207 227 224 192 1 6 6 8 24 236 112 231 221 111 62 121 128 33 8 131 48 12 135 99 199 28 34 236 61 161 25 119 159 57 198 16 131 24 230 216 147 61 51 231 251 36 0 119 20 64 251 255 39 162 213 104 116 255 27 137 153 34
180 251 255 255 227 192 1 0 128 128 0 226 112 199 63 254 248 247 223 47 12 0 0 68 128 24 1 114 120 227 12 130 24 103 28 97 8 113 142 24 64 128 0 237 64 40 45 255 127 223 4 64 155 12 2 0 164 75 64 0 128 58 171 138
193 255 239 255 240 224 129 199 6 13 24 240 241 199 127 255 255 247 220 59 140 227 56 207 231 227 255 28 99 140 48 227 127 255 255 255 255 252 211 26 198 0 16 0 255 253 210 102 54 138 242 247 255 255 251 243 249 127 100 0 0 0 230 245
240 255 255 255 243 192 0 0 128 128 28 255 241 207 31 246 216 97 133 49 204 227 48 14 128 0 17 106 56 239 252 255 255 239 51 30 128 0 137 116 254 27 3 49 16 160 44 191 255 255 211 73 0 0 5 132 255 191 91 36 27 141 25 0
244 255 255 243 241 192 0 0 128 130 13 255 240 239 159 119 158 97 196 57 174 195 48 12 131 3 0 70 24 103 60 227 25 39 30 40 0 0 232 127 198 0 2 32 49 118 43 190 219 237 242 127 9 128 247 143 32 194 237 37 16 4 245 118
176 255 207 227 233 192 0 2 0 0 28 239 241 247 223 119 158 125 246 45 12 195 0 8 130 19 6 0 48 102 124 227 157 55 151 4 0 220 255 127 198 0 0 0 32 92 66 22 75 229 114 123 9 170 1 0 36 203 229 36 16 4 116 254
233 255 239 251 240 224 193 39 0 13 31 252 241 199 30 51 140 112 198 63 142 163 56 141 231 123 70 4 17 110 124 255 137 1 0 0 0 0 204 123 239 153 209 189 255 111 211 18 216 237 191 29 0 0 4 13 0 130 201 247 0 32 161 162
255 255 255 247 51 0 128 193 227 199 15 115 240 199 63 126 184 225 132 125 252 227 1 2 64 160 121 247 121 167 16 195 25 111 31 0 0 0 136 96 222 187 151 57 137 161 44 203 255 187 66 243 159 6 0 0 6 131 129 193 127 205 29 9
248 191 255 241 112 192 0 3 0 198 31 255 251 239 143 243 222 120 132 49 207 227 48 14 2 65 98 230 57 239 252 255 219 1 0 16 0 16 205 52 215 154 147 57 0 0 52 131 218 239 210 63 4 2 0 0 4 131 128 197 255 141 25 0
248 255 255 247 96 192 0 3 3 6 31 255 240 195 191 255 190 251 238 63 12 227 48 8 3 99 96 128 1 111 60 227 24 111 252 255 255 255 255 255 255 152 19 56 3 6 0 1 218 239 50 113 187 124 254 253 255 255 255 63 159 13 0 144
248 255 255 255 243 192 0 0 131 128 30 255 243 207 126 255 255 255 255 255 143 227 0 4 128 0 0 192 57 239 124 227 59 255 252 227 255 255 255 191 255 26 3 0 0 18 0 153 219 239 50 243 251 253 254 252 255 255 255 63 27 12 21 52
128 35 4 141 224 30 33 84 214 238 209 227 127 255 254 255 255 255 1 0 66 223 246 62 223 31 128 193 91 255 252 235 63 255 255 255 255 255 243 28 49 116 248 255 251 14 0 154 205 231 247 247 255 255 255 255 255 127 118 54 223 255 191 50
128 255 255 227 224 192 1 7 6 12 24 224 240 231 255 255 255 249 192 33 8 2 32 8 6 0 192 124 115 205 48 195 25 103 252 251 255 27 131 24 0 0 2 176 2 2 0 239 65 194 118 115 187 92 254 254 255 127 118 52 31 8 17 16
132 255 255 227 224 64 1 0 133 0 0 0 128 231 255 255 255 249 192 33 0 128 0 0 128 18 232 255 234 193 1 132 25 127 254 255 255 27 195 24 128 0 11 40 0 0 0 128 247 187 71 99 187 252 254 255 223 108 100 52 223 79 29 48
252 255 239 241 96 0 0 0 192 199 31 255 253 247 255 255 255 255 255 255 143 227 0 4 128 0 0 194 25 239 124 227 29 127 252 227 255 255 255 255 255 152 3 49 0 2 33 153 201 101 48 49 25 76 222 252 255 255 127 62 27 13 25 186
251 255 239 255 112 32 128 195 67 199 31 255 241 195 30 59 136 240 134 53 140 227 40 130 195 241 106 197 25 111 60 225 128 3 13 0 32 210 143 24 230 24 147 8 191 87 249 11 154 37 48 16 24 14 250 255 255 104 116 54 27 197 85 0
180 255 207 227 224 192 1 103 231 206 28 225 128 231 255 127 191 249 192 33 12 99 180 103 71 224 255 191 255 252 49 134 25 119 255 125 207 24 195 24 231 254 255 255 255 239 251 103 54 223 69 64 187 13 34 34 145 40 52 223 239 255 255 19
160 255 223 227 224 192 65 2 0 0 1 224 240 239 255 255 127 121 192 1 0 0 0 8 0 19 30 16 0 0 48 227 25 255 255 255 255 153 195 28 192 0 1 0 0 0 248 1 0 0 112 243 251 253 255 255 255 127 118 52 16 0 0 128
254 191 231 127 112 64 0 1 193 199 223 255 255 255 255 247 143 127 254 49 142 227 16 14 129 0 0 128 25 111 252 247 255 255 255 191 255 254 255 159 231 24 19 32 1 22 0 153 201 32 112 241 251 255 251 255 255 125 126 54 27 141 29 16
132 255 255 227 225 0 0 0 196 128 0 0 192 199 191 127 188 241 128 33 8 0 0 0 192 26 8 123 64 0 0 192 25 255 159 61 204 16 3 24 192 0 1 236 208 26 168 97 0 0 32 243 251 191 51 163 129 64 96 36 127 0 0 192
255 255 255 17 0 32 192 240 224 193 14 255 248 231 191 255 254 96 132 17 76 0 0 128 32 152 25 35 0 0 28 225 8 111 190 249 206 147 227 94 255 153 195 28 204 153 4 0 192 108 50 243 187 252 255 255 255 255 255 255 159 199 206 253
223 255 255 255 17 32 128 225 225 195 23 255 241 223 255 255 255 255 255 255 159 96 8 128 0 176 56 227 8 99 60 227 63 127 252 239 127 253 242 255 255 155 131 24 140 145 0 153 201 229 118 115 25 4 0 0 6 191 205 38 155 207 28 21
214 255 255 243 240 224 1 0 0 128 1 174 240 231 255 255 255 255 196 49 8 128 0 12 128 27 0 0 0 35 12 160 24 127 252 255 255 159 195 24 128 0 0 0 0 30 64 129 0 100 48 115 251 253 255 255 251 108 96 0 0 0 96 212
233 255 255 247 241 225 195 239 2 13 27 252 241 199 31 246 252 243 207 63 140 2 40 136 7 251 222 12 115 254 124 227 89 3 0 0 16 3 132 120 192 129 1 8 34 228 215 22 222 255 119 127 15 195 192 72 7 80 237 1 91 72 72 205
176 187 223 231 224 208 0 87 231 6 28 251 251 255 255 255 255 255 252 33 0 243 52 32 3 70 224 235 123 239 252 227 63 255 255 255 255 253 243 30 231 80 19 32 2 2 0 141 255 239 50 81 249 252 255 255 255 124 102 38 27 0 0 128
255 255 255 55 16 32 192 241 231 67 2 241 241 255 255 255 255 255 253 49 142 32 8 195 96 248 61 49 0 0 0 226 63 255 255 255 255 255 255 28 198 152 208 220 204 169 134 112 117 14 194 243 255 255 41 0 184 255 103 52 139 43 0 128
199 255 255 243 241 225 129 133 135 143 16 240 241 255 255 255 255 255 252 49 140 131 56 207 135 107 225 254 123 139 48 195 63 255 255 191 255 156 243 28 64 0 144 245 115 47 8 223 111 139 246 243 255 255 57 35 153 252 103 36 201 178 251 114
132 122 207 227 137 0 1 68 196 200 1 128 112 231 255 255 63 97 0 32 109 227 3 22 4 0 0 16 64 130 44 226 63 255 255 255 255 253 243 30 222 56 3 48 8 247 231 0 128 238 247 247 255 255 255 255 249 124 118 32 16 236 255 127
128 251 255 231 1 0 0 96 96 64 0 13 112 199 255 255 255 255 253 33 12 0 0 0 64 154 30 0 0 64 12 227 24 103 252 255 255 253 195 24 192 0 1 0 236 29 0 177 65 0 112 247 251 253 255 255 255 104 96 52 27 68 70 253
128 255 255 247 225 129 1 71 6 206 29 255 241 239 255 255 255 255 252 113 142 243 48 14 6 1 0 0 0 15 124 227 59 255 255 255 255 189 243 24 199 16 3 32 0 0 7 0 200 128 242 243 251 255 255 183 145 64 64 0 16 8 9 170
224 255 255 255 243 225 3 0 130 128 0 226 240 207 255 255 255 255 204 49 8 131 48 12 130 3 0 64 72 199 60 231 25 255 255 255 255 17 3 16 128 0 2 33 18 6 0 1 128 226 114 243 251 255 255 51 145 96 64 32 24 12 16 0
180 25 195 32 32 80 0 0 0 128 237 111 127 64 0 0 64 80 3 32 126 255 23 12 128 33 55 46 24 96 12 121 192 193 203 255 255 115 1 4 191 51 7 17 49 241 24 191 83 4 58 145 250 255 255 255 249 52 126 255 16 132 252 49
180 255 223 99 96 0 0 0 128 128 4 111 240 231 255 255 255 249 128 33 78 193 0 4 0 0 0 64 0 1 12 224 24 127 254 255 255 25 131 16 198 144 147 57 0 7 0 129 65 100 48 243 251 255 255 183 217 108 114 60 155 175 25 48
254 255 231 48 32 0 0 97 225 199 31 255 253 255 255 255 159 125 228 49 14 225 0 2 64 0 0 192 24 39 28 225 191 255 255 157 239 254 255 191 231 152 131 48 8 6 1 0 193 96 48 243 255 255 255 241 56 79 102 55 27 13 17 186
199 255 255 243 241 225 129 199 199 15 18 240 241 255 255 255 255 255 236 49 136 3 56 206 199 10 160 208 99 139 112 227 63 127 252 255 255 255 255 28 64 0 144 228 75 14 99 0 238 239 242 243 187 12 254 124 254 255 102 0 221 254 127 50
235 255 255 247 241 243 129 134 134 5 30 254 241 255 31 242 220 127 207 55 138 195 56 142 135 67 196 74 0 0 48 227 219 175 53 130 247 255 255 29 231 16 19 49 51 6 0 224 65 128 54 115 217 159 248 253 255 1 0 0 96 189 185 50
252 255 255 247 243 0 0 0 128 194 31 255 243 207 255 255 191 255 252 241 143 227 56 14 128 1 0 194 56 255 252 255 63 125 251 253 255 255 255 159 231 152 147 57 0 32 37 152 219 239 251 221 255 247 249 251 152 76 100 36 18 13 8 0
199 255 255 243 241 225 131 135 135 143 16 240 241 255 255 255 255 255 239 49 128 131 56 238 135 111 231 158 107 136 112 231 63 127 252 241 143 255 255 28 0 192 24 231 115 31 0 229 255 239 243 243 63 4 4 76 254 255 101 0 77 16 209 242
160 255 255 255 227 193 3 0 130 132 60 238 177 199 255 255 191 255 204 49 12 195 48 12 135 3 192 78 9 109 124 231 25 255 255 255 255 29 131 24 132 0 3 0 0 0 40 255 251 237 119 243 251 253 255 55 145 72 64 32 16 0 0 128
180 127 207 227 224 64 0 0 0 130 29 239 240 255 255 255 191 125 224 33 14 227 16 14 193 19 3 0 16 98 28 225 25 255 255 255 255 157 131 16 198 16 3 33 187 119 211 16 152 109 50 113 249 252 255 247 217 96 64 32 18 4 213 34
176 255 239 235 64 128 64 103 99 4 28 253 253 199 222 111 140 253 246 37 14 98 48 67 99 250 254 253 123 71 112 235 173 71 209 253 255 255 247 25 199 152 208 188 239 203 5 68 238 169 50 49 8 240 254 255 251 108 100 36 139 35 0 193
255 255 239 16 16 32 224 241 225 65 6 249 248 255 255 255 191 127 196 1 128 112 140 227 112 172 63 57 0 0 8 96 8 127 254 249 207 156 195 24 35 220 235 86 204 241 135 96 49 76 54 0 144 12 38 38 255 111 100 54 149 255 44 173
203 255 255 243 241 224 129 128 132 137 19 254 241 239 255 255 191 255 236 49 142 227 8 140 0 0 0 64 26 235 124 227 63 255 255 255 255 255 243 28 199 0 2 32 0 0 0 137 65 224 114 243 255 255 255 247 255 125 100 32 0 0 121 16
180 251 255 239 3 0 64 97 225 198 29 239 113 199 61 255 253 255 255 47 12 0 0 67 96 168 121 231 59 255 124 231 9 100 252 231 255 255 255 25 198 152 194 148 68 160 61 191 255 255 15 69 178 92 254 255 255 125 100 4 193 0 0 205
160 255 223 227 224 192 1 6 134 12 24 192 112 199 29 111 126 249 195 1 0 2 52 108 6 64 192 126 3 1 48 192 25 103 28 113 140 19 3 8 0 0 26 247 2 0 32 233 245 8 2 115 155 12 194 222 215 64 32 144 228 190 57 59
251 253 255 247 115 225 128 195 0 199 47 127 144 1 254 255 191 225 4 48 200 243 63 191 195 227 67 132 17 38 31 0 0 126 254 255 207 1 1 0 20 255 159 33 35 68 254 255 24 92 12 192 251 125 127 191 209 52 187 9 246 61 29 8
128 255 255 231 224 192 1 4 0 0 28 255 241 255 255 255 255 255 236 33 14 227 48 15 199 227 247 143 123 239 124 231 63 255 255 255 255 255 243 28 231 156 211 49 59 7 0 135 203 231 242 243 255 255 255 255 251 124 102 36 223 15 16 48
235 191 166 16 16 32 224 247 96 1 2 216 248 192 6 59 254 254 231 19 207 112 8 128 122 27 12 89 96 231 14 3 40 2 128 115 28 253 239 180 247 158 65 8 140 18 32 191 255 151 128 174 31 65 68 4 252 131 0 254 187 111 29 16
255 255 255 247 1 0 128 225 231 195 6 51 192 199 31 255 254 243 197 49 142 225 24 7 64 160 249 255 200 129 1 128 25 39 12 0 0 2 196 112 199 155 211 189 157 161 173 137 244 50 0 98 31 0 0 200 7 0 255 125 139 255 191 9
128 255 255 255 225 128 1 0 134 0 0 192 240 199 63 255 255 255 207 33 12 194 0 0 0 0 0 112 64 129 0 226 25 111 252 243 255 255 143 24 128 0 11 48 0 2 0 129 253 255 22 65 187 253 254 255 255 75 0 128 114 156 29 48
160 255 207 227 224 208 97 23 6 12 24 232 240 255 255 119 31 121 64 32 0 243 182 127 23 231 223 28 0 0 48 227 25 255 255 60 198 16 3 0 32 102 254 215 127 253 215 64 0 0 32 243 255 183 49 35 145 0 0 192 100 176 224 239
254 253 255 255 1 0 0 192 225 195 6 51 192 199 127 255 255 255 255 255 14 225 0 0 0 128 57 243 8 1 0 96 24 111 124 227 63 255 255 127 199 16 3 0 0 128 172 233 33 0 0 51 153 76 206 252 62 207 255 37 18 12 0 128
225 255 255 243 241 225 131 7 0 13 25 244 240 255 255 255 159 113 4 48 204 227 58 159 231 115 199 4 0 0 48 227 25 255 255 60 198 0 1 4 150 59 255 255 255 127 211 98 0 0 114 243 255 183 49 3 1 0 147 201 32 240 247 247
244 59 231 239 102 64 0 67 195 198 221 255 127 67 12 0 8 96 218 47 60 67 16 0 67 16 0 192 1 103 252 255 238 129 3 4 32 224 252 127 198 16 3 32 0 2 0 184 217 101 48 49 28 38 16 16 110 223 255 119 31 13 29 48
180 255 255 227 225 209 0 0 131 222 61 239 241 255 255 255 191 127 228 33 10 211 52 12 128 0 0 226 255 255 125 231 27 127 255 176 135 28 251 28 133 16 3 49 16 3 121 159 15 195 112 113 153 12 7 4 144 254 101 50 26 143 153 155
132 59 87 161 8 0 0 0 0 202 21 239 127 255 173 227 79 255 251 103 15 249 208 79 253 3 0 198 123 239 252 243 255 255 255 159 255 126 243 157 231 24 0 33 48 102 127 255 79 207 246 243 251 191 184 251 255 124 255 62 31 14 0 0
132 59 223 129 128 0 65 0 229 202 17 226 127 227 252 235 127 255 225 97 79 251 246 63 128 224 255 63 0 0 184 235 8 253 255 255 255 255 243 156 247 252 251 17 61 1 128 0 240 238 190 213 255 255 123 50 153 108 102 54 95 141 152 49
180 253 223 227 225 209 2 0 129 222 61 239 177 255 255 255 191 255 228 33 10 211 4 4 0 0 96 230 255 255 125 167 27 127 254 185 143 156 235 28 165 84 3 48 0 3 121 159 11 65 113 115 153 12 7 4 144 254 101 0 18 140 25 27
180 251 255 239 1 64 64 32 160 198 5 102 80 199 63 255 252 243 207 35 12 0 0 69 227 29 41 198 249 231 29 135 24 103 28 97 12 49 142 24 194 0 64 237 212 106 125 191 255 191 1 64 185 76 6 4 164 107 64 0 0 114 227 64
0 114 255 239 195 131 71 14 14 24 0 0 0 128 25 238 252 255 203 71 0 0 0 0 0 24 216 124 192 129 9 0 0 0 48 227 189 119 135 24 192 128 9 204 0 128 245 1 0 64 16 62 14 64 206 220 215 105 96 0 79 72 110 205
255 255 239 251 61 32 128 193 227 207 7 243 240 199 31 118 152 97 134 61 252 227 25 134 64 160 49 227 123 175 116 231 249 39 4 0 0 2 140 96 254 27 151 49 25 163 40 153 255 128 115 123 9 130 5 0 32 131 152 255 63 200 221 1
252 255 255 255 96 64 0 0 128 199 31 255 240 199 255 255 255 255 255 255 191 227 0 12 128 1 0 128 25 111 60 231 57 255 252 231 127 255 255 255 255 159 3 57 48 7 0 129 219 229 114 243 251 253 255 255 251 255 255 255 27 205 29 50
252 255 255 241 112 192 0 3 3 199 255 255 185 99 14 49 206 112 197 49 238 227 48 14 0 0 16 224 25 127 126 185 225 131 2 0 0 0 136 112 198 191 159 57 0 128 103 1 218 101 16 8 0 8 0 0 36 131 185 221 151 141 25 9
248 255 255 255 243 192 0 0 130 198 31 255 241 199 62 254 255 255 255 255 159 227 32 4 0 0 0 192 57 239 124 227 59 239 252 231 255 255 255 191 255 24 3 0 0 18 0 155 219 231 50 243 251 253 254 252 255 255 255 63 27 13 29 62
128 255 255 227 225 128 1 71 70 12 24 192 224 231 191 255 255 249 192 33 8 2 32 0 6 0 192 120 243 207 48 130 25 103 254 255 255 27 131 24 192 0 0 176 0 2 0 223 65 192 118 243 187 92 254 254 255 125 118 52 31 8 17 16
128 251 255 231 1 128 65 38 36 0 0 8 96 199 63 255 252 255 195 1 4 0 0 97 231 31 0 88 0 1 0 192 25 111 60 243 190 255 143 24 64 136 8 0 0 0 0 129 193 96 48 115 185 76 70 92 190 107 32 148 125 12 0 128
255 255 231 255 112 32 128 227 67 199 31 255 240 195 14 31 136 112 134 53 140 227 8 130 227 241 106 197 25 103 28 97 0 1 13 160 253 247 143 24 230 152 211 40 175 242 255 11 152 101 58 17 155 255 254 255 255 104 118 39 27 77 77 0
254 255 239 241 249 224 129 135 239 207 30 240 232 247 255 127 159 105 164 57 237 195 56 134 7 224 253 255 239 205 48 195 157 55 255 255 255 1 224 222 222 17 147 17 3 225 253 239 54 139 34 113 25 252 255 255 251 16 64 160 0 173 40 1
128 255 223 227 224 192 1 6 0 0 0 224 240 239 255 255 255 121 192 1 0 0 0 8 0 83 31 28 0 0 48 227 25 255 254 255 255 153 195 28 192 0 1 0 32 16 208 1 128 224 114 243 251 253 255 255 255 125 118 54 26 4 0 0
240 191 255 241 240 192 0 2 0 0 31 255 248 227 142 59 142 120 132 49 204 227 54 14 2 3 96 111 49 109 252 255 248 1 130 24 132 0 128 0 134 27 151 49 32 226 253 191 19 237 255 25 0 0 0 0 0 0 0 201 126 13 137 139
180 255 207 99 0 0 0 97 97 194 1 32 80 199 255 127 191 253 192 1 0 64 20 111 97 13 0 208 88 3 0 128 24 255 255 63 239 16 131 24 230 216 0 32 0 0 0 192 65 0 32 112 251 255 187 179 209 104 68 166 16 44 29 48
251 255 255 247 112 32 0 128 194 199 31 255 241 239 255 255 255 255 253 49 142 194 0 4 0 0 16 226 57 111 60 227 25 255 255 255 255 255 243 28 199 0 2 0 0 16 0 159 203 101 48 49 185 252 254 255 251 124 100 36 0 128 125 16
176 255 255 231 224 192 65 2 0 0 28 254 241 255 255 255 255 255 253 49 14 163 48 77 2 3 0 0 0 110 124 227 63 255 252 255 255 255 247 28 231 152 3 32 34 6 195 16 216 229 242 243 255 255 251 251 159 76 100 36 16 136 221 127
255 255 255 247 113 96 0 128 128 128 0 250 240 207 255 255 255 255 253 49 142 227 24 140 129 3 1 0 0 0 124 231 59 255 254 255 255 191 227 24 199 24 3 33 16 100 239 0 0 237 242 243 255 253 255 63 145 72 64 32 18 0 201 255
254 255 255 115 32 64 0 65 193 194 31 255 255 255 255 255 159 127 254 61 14 225 16 0 1 176 56 32 0 100 252 227 159 255 255 172 103 252 255 59 198 16 19 24 129 241 135 32 0 100 114 115 25 0 0 0 254 255 255 55 155 207 12 173
240 255 207 65 64 192 96 51 2 0 0 248 248 255 255 255 191 125 224 33 6 50 160 9 50 123 31 24 0 0 48 227 63 255 255 255 255 157 227 28 231 12 96 156 230 221 198 64 32 128 114 243 251 125 122 191 255 255 118 54 155 195 66 237
180 251 255 239 3 0 0 97 227 206 61 239 16 67 61 255 255 255 255 39 12 0 0 67 0 168 57 227 191 111 117 205 57 103 252 247 255 255 247 24 198 0 0 0 72 185 4 136 201 225 247 247 187 252 254 255 255 124 100 32 16 36 100 205
128 255 255 243 225 193 3 15 6 0 0 136 224 199 191 255 254 251 199 33 0 195 4 0 0 2 212 120 96 0 0 192 25 103 28 113 142 19 3 0 0 64 15 120 0 128 164 237 182 8 2 243 187 12 194 222 151 64 48 81 118 157 25 155
249 221 255 247 115 227 128 67 2 199 15 127 16 1 62 255 254 193 4 57 232 227 63 142 195 227 87 132 145 102 31 0 32 102 62 121 8 0 0 96 156 51 151 1 59 117 250 247 254 63 205 134 161 12 3 131 5 252 255 1 0 0 0 192
223 132 32 16 24 62 188 208 241 97 198 31 140 252 227 213 223 94 37 208 203 92 206 146 24 128 28 32 0 0 13 0 4 186 238 178 247 31 33 132 181 39 36 0 0 128 134 32 17 116 68 118 27 0 0 14 218 255 254 255 24 8 76 236
254 255 255 255 1 0 0 224 225 195 6 51 224 199 127 255 255 255 255 127 14 225 0 0 0 128 57 251 8 1 8 98 24 103 124 227 63 255 255 127 198 16 3 0 0 144 236 233 0 0 0 49 8 76 206 220 6 73 239 37 16 0 0 192
128 127 207 227 224 192 1 7 6 12 28 206 48 231 221 111 62 121 192 33 12 227 48 15 135 99 199 12 2 108 61 161 25 255 223 63 238 24 195 24 231 222 147 49 51 102 130 0 210 0 32 112 251 191 3 34 149 8 0 230 255 205 157 59
148 248 255 47 32 64 64 33 225 254 5 39 16 0 0 239 252 255 207 39 12 33 16 71 0 160 59 247 222 3 0 64 0 3 4 225 188 127 207 24 0 8 26 80 221 185 60 251 33 0 0 0 152 77 202 220 246 111 100 0 220 246 254 93
188 25 251 111 32 64 0 97 227 246 13 103 16 1 5 133 252 255 223 39 12 97 16 67 65 224 121 231 253 39 21 0 0 2 12 224 60 255 223 57 198 16 146 0 205 153 0 218 73 16 0 0 16 204 6 208 254 239 100 0 64 244 254 253
235 255 239 243 221 160 129 231 2 0 26 252 241 247 31 50 136 96 132 185 255 227 43 138 231 211 198 28 33 68 120 247 255 3 2 0 0 2 128 96 222 187 7 0 42 86 210 37 18 133 247 127 13 0 0 72 103 147 152 201 127 0 0 128
252 255 255 255 112 192 0 0 128 199 31 255 240 199 127 255 255 255 255 255 191 227 0 12 128 1 1 128 25 111 60 231 57 255 252 239 127 255 255 255 255 159 147 57 177 7 0 129 219 239 114 243 251 252 255 255 251 255 255 127 18 13 16 0
248 255 255 255 247 128 0 0 128 198 31 255 241 207 63 254 255 255 255 247 223 227 48 14 128 0 0 192 57 111 124 227 27 239 252 231 191 255 255 255 255 25 3 49 16 7 0 154 219 229 118 243 251 255 250 253 255 255 255 37 18 141 153 191
128 255 255 227 192 0 1 0 230 200 16 227 240 231 191 255 255 251 197 33 12 192 0 4 128 0 0 66 8 11 60 231 25 111 252 251 255 255 239 28 231 216 3 49 0 2 37 136 201 255 119 247 187 220 254 253 255 255 118 54 155 13 9 2
128 251 255 239 1 128 65 38 36 0 0 0 96 199 63 255 252 247 195 1 0 32 4 97 166 31 0 64 0 1 8 226 24 103 60 243 189 255 143 24 98 200 9 0 0 0 4 137 209 108 50 81 185 77 70 76 182 107 100 0 16 12 8 254
235 255 231 241 240 32 128 255 103 69 26 249 236 247 255 63 159 112 244 57 140 99 40 130 70 226 255 61 35 76 48 227 12 255 255 255 255 145 130 16 132 152 139 0 207 217 150 102 50 207 54 51 249 252 255 191 217 124 127 62 18 5 0 237
180 255 207 227 224 64 0 119 231 206 28 225 192 247 223 127 191 121 192 33 14 115 180 127 119 228 255 191 251 204 49 130 25 55 222 56 198 16 195 8 119 254 255 255 255 231 251 103 38 255 5 66 251 15 2 34 149 40 22 223 239 251 255 51
176 255 223 67 96 208 32 19 231 6 28 239 113 231 255 255 63 113 192 33 110 251 247 63 247 226 247 191 43 76 120 231 25 101 254 127 206 16 225 206 255 255 255 255 255 239 255 254 63 129 235 119 170 252 103 39 217 254 62 254 239 251 239 255
180 249 223 231 225 81 0 67 1 2 44 239 113 199 61 239 126 251 193 33 8 195 20 0 1 51 32 128 32 99 124 227 25 239 188 255 254 59 195 28 247 16 19 40 129 230 231 60 0 237 255 255 239 255 255 39 217 124 126 39 26 205 205 255
255 7 32 24 30 62 252 240 241 227 207 255 255 251 226 17 131 12 54 156 241 28 207 241 120 28 0 0 0 0 252 251 206 217 235 28 1 4 16 224 24 103 108 230 204 31 0 0 1 0 48 49 88 182 1 0 0 130 0 192 96 48 115 246
254 159 243 48 48 96 128 241 227 199 79 255 255 251 134 17 206 126 199 33 0 1 20 224 113 252 121 231 25 3 0 0 0 255 143 54 150 16 3 0 0 0 28 194 205 185 60 65 0 0 0 48 24 188 159 215 245 64 0 128 96 48 96 196
252 255 255 247 32 64 0 0 193 198 31 255 240 239 255 255 255 255 237 49 12 193 0 0 0 16 0 192 25 103 60 225 8 127 252 255 255 189 227 24 198 0 0 160 0 0 5 136 201 100 48 49 185 252 255 247 217 108 100 36 26 0 64 224
207 255 255 151 16 32 192 245 96 1 2 240 241 255 255 255 191 255 239 49 142 32 8 193 32 128 30 16 96 194 116 227 63 255 255 177 143 28 251 28 231 156 67 20 236 149 66 0 254 239 114 243 255 166 1 0 148 255 101 4 219 255 20 191
207 255 255 243 241 96 129 199 231 11 18 240 241 255 255 255 159 127 236 49 142 0 56 207 71 10 160 208 107 139 116 227 159 255 255 152 135 28 243 92 199 128 16 164 65 14 103 25 0 194 114 115 25 12 35 3 0 206 101 36 153 142 127 2
180 25 211 100 106 94 0 1 0 2 205 111 62 121 244 207 63 254 0 97 75 255 22 8 1 1 34 236 56 99 28 97 54 255 255 255 255 253 243 140 255 2 19 48 33 227 255 14 250 45 50 241 255 255 255 183 217 124 126 190 18 136 129 207
203 255 255 241 240 240 129 135 6 13 31 255 249 231 159 255 255 255 199 49 128 195 188 238 135 7 224 239 59 109 60 227 25 39 148 240 159 255 207 24 36 80 178 247 51 226 189 15 0 64 0 48 25 12 198 220 254 111 100 54 13 136 203 219
180 251 255 239 3 0 64 97 227 222 61 239 17 7 60 255 255 255 255 35 12 32 0 67 32 168 57 227 25 63 124 236 57 103 252 247 255 255 215 24 198 0 0 128 204 185 4 136 201 96 247 247 187 252 254 255 255 124 100 32 217 22 6 205
128 255 223 227 224 192 97 4 135 136 0 224 96 231 159 127 254 249 195 1 0 128 180 111 132 4 128 82 106 3 0 128 25 103 156 113 254 19 3 24 96 192 94 247 82 167 235 93 190 24 0 115 155 12 198 254 215 104 116 62 129 191 187 2
67 254 255 247 241 161 131 142 14 0 0 0 224 199 191 255 254 251 132 17 136 227 4 0 0 0 220 120 247 131 0 194 25 111 190 177 222 19 3 0 128 90 15 56 128 193 7 68 231 2 64 243 187 12 238 254 151 32 52 89 127 205 0 239
252 255 255 241 0 0 0 99 227 198 31 255 249 255 255 247 255 123 228 49 14 227 48 3 99 240 123 167 57 103 28 33 0 3 252 255 223 25 227 28 198 152 211 25 159 225 127 191 219 5 0 32 24 76 102 14 2 108 231 36 19 193 204 223
255 191 255 23 16 48 128 241 96 199 95 127 144 0 6 29 252 255 255 23 128 64 12 128 112 156 8 193 187 39 7 0 0 0 12 97 60 255 255 61 229 0 224 206 204 31 96 255 73 0 128 190 31 0 192 76 190 255 119 54 15 64 119 80
32 255 223 227 225 209 115 15 15 12 8 0 0 231 255 255 62 49 0 32 0 131 182 124 191 127 230 152 231 4 1 128 25 255 255 63 206 0 3 0 0 96 28 231 247 126 3 64 231 26 64 243 251 255 39 3 209 0 118 255 61 0 194 246
255 157 251 31 16 32 128 240 96 247 239 127 144 0 6 29 252 255 255 31 136 64 8 128 112 156 8 193 157 39 6 0 0 0 8 97 28 255 255 63 230 0 224 238 204 30 120 255 9 0 192 255 191 1 192 204 190 255 255 54 11 64 119 80
67 254 239 243 249 189 131 140 140 25 16 144 192 255 223 119 144 1 4 24 160 195 127 254 4 0 128 112 230 11 32 192 255 255 31 28 0 0 0 64 0 99 158 247 16 7 0 201 101 128 247 247 255 167 1 3 248 255 255 8 64 250 255 127
254 191 227 112 112 0 0 65 64 199 223 255 190 65 6 16 136 112 199 63 254 227 16 14 64 128 32 231 25 103 28 113 192 1 0 64 0 99 204 127 223 153 147 49 0 0 0 154 73 96 48 57 8 0 4 76 6 147 201 0 18 13 16 32
252 255 255 255 119 64 0 0 128 199 31 255 240 199 127 254 253 255 255 255 255 227 48 14 193 1 0 128 25 111 60 227 25 255 252 239 127 255 255 255 255 25 147 49 0 4 0 153 219 37 48 113 185 124 254 252 254 255 255 39 18 8 16 0
176 1 210 108 230 31 0 64 0 0 252 111 62 89 100 8 0 64 8 237 123 223 7 14 0 0 20 40 0 252 159 57 0 0 32 252 225 3 0 199 189 255 143 57 0 128 134 0 218 127 29 12 224 255 255 255 249 16 26 73 255 31 0 0
235 191 166 217 80 160 128 255 102 69 26 249 252 255 255 63 159 116 212 17 140 98 44 128 127 255 254 29 33 76 56 227 12 255 255 255 239 156 195 24 134 24 201 8 239 221 215 102 50 255 22 99 251 253 255 191 249 124 127 62 22 65 230 255
255 255 239 243 112 224 128 227 231 71 14 249 240 195 15 255 255 255 199 51 142 99 24 128 0 224 255 255 33 196 56 227 127 255 252 255 255 255 243 156 247 154 3 16 143 241 253 101 54 239 255 255 255 255 254 255 255 125 118 62 27 205 204 205
240 255 239 243 241 225 3 0 135 142 29 226 240 255 31 119 156 65 4 49 136 195 60 126 135 3 224 214 9 1 48 227 255 39 20 0 0 0 0 0 0 0 16 241 51 14 0 129 253 239 66 243 31 7 0 0 0 2 0 0 64 0 113 80
180 249 255 255 103 0 0 65 193 198 13 239 113 199 61 254 255 255 255 119 12 64 0 0 0 176 57 227 24 103 124 231 57 103 52 227 255 255 247 31 198 16 131 152 128 161 111 255 255 255 223 207 39 81 254 255 255 108 100 36 2 193 0 205
128 123 223 227 224 192 65 6 167 8 0 224 112 231 157 231 255 255 195 33 4 163 180 111 6 98 213 24 107 2 0 194 24 39 156 243 255 19 131 24 98 8 82 247 18 165 207 68 174 138 34 115 251 253 254 255 151 104 68 38 0 8 128 251
